Thread-45, 0, 1, 1, 0.021388264372944832, 0.10211735627055164, 0.09788264372944831, 0.0216, 
Thread-45, 1, 1, 0, 0.021479062736034393, 0.10320937263965609, 0.09679062736034394, 0.0218, 
Thread-45, 2, 1, 0, 0.021567020565271378, 0.10432979434728623, 0.09567020565271378, 0.022, 
Thread-45, 3, 1, 0, 0.02165267802774906, 0.10547321972250938, 0.0945267802774906, 0.0222, 
Thread-45, 4, 1, 0, 0.02173587679862976, 0.10664123201370238, 0.09335876798629761, 0.0224, 
Thread-45, 5, 1, 0, 0.02181742712855339, 0.10782572871446607, 0.0921742712855339, 0.022600000000000002, 
Thread-45, 6, 1, 0, 0.02189655229449272, 0.10903447705507274, 0.09096552294492721, 0.0228, 
Thread-45, 7, 1, 0, 0.021973667666316032, 0.11026332333683969, 0.08973667666316032, 0.023, 
Thread-45, 8, 1, 0, 0.02204889990389347, 0.1115110009610653, 0.0884889990389347, 0.023200000000000002, 
Thread-45, 9, 1, 0, 0.022121869027614594, 0.11278130972385406, 0.08721869027614593, 0.0234, 
Thread-45, 10, 1, 0, 0.022193502634763718, 0.1140649736523628, 0.08593502634763717, 0.0236, 
Thread-45, 11, 1, 0, 0.02226330153644085, 0.11536698463559147, 0.0846330153644085, 0.0238, 
Thread-45, 12, 1, 0, 0.02233187109231949, 0.11668128907680514, 0.08331871092319489, 0.024, 
Thread-45, 13, 1, 0, 0.0223994143307209, 0.118005856692791, 0.081994143307209, 0.0242, 
Thread-45, 14, 1, 0, 0.022465458139777184, 0.11934541860222816, 0.08065458139777185, 0.0244, 
Thread-45, 15, 1, 0, 0.022530891001224518, 0.12069108998775481, 0.07930891001224517, 0.0246, 
Thread-45, 16, 1, 1, 0.022595040500164032, 0.12204959499835966, 0.07795040500164031, 0.0248, 
Thread-45, 17, 1, 1, 0.022721488028764725, 0.12278511971235272, 0.07721488028764725, 0.025, 
Thread-45, 18, 1, 1, 0.022846195846796036, 0.1235380415320396, 0.07646195846796036, 0.0252, 
Thread-45, 19, 1, 1, 0.022995660081505775, 0.12404339918494225, 0.07595660081505776, 0.0254, 
Thread-45, 20, 1, 1, 0.02316235564649105, 0.12437644353508949, 0.07562355646491051, 0.0256, 
Thread-45, 21, 1, 1, 0.023320965468883514, 0.12479034531116484, 0.07520965468883513, 0.0258, 
Thread-45, 22, 1, 1, 0.023523744195699692, 0.12476255804300306, 0.07523744195699691, 0.026000000000000002, 
Thread-45, 23, 1, 1, 0.02370135486125946, 0.12498645138740536, 0.07501354861259461, 0.0262, 
Thread-45, 24, 1, 1, 0.02392592281103134, 0.1247407718896866, 0.07525922811031341, 0.0264, 
Thread-45, 25, 1, 1, 0.024136366322636604, 0.12463633677363396, 0.07536366322636603, 0.0266, 
Thread-45, 26, 1, 1, 0.02436656318604946, 0.12433436813950538, 0.07566563186049463, 0.0268, 
Thread-45, 27, 1, 1, 0.02461136318743229, 0.12388636812567709, 0.07611363187432288, 0.027, 
Thread-45, 28, 1, 1, 0.02484363131225109, 0.12356368687748906, 0.07643631312251091, 0.027200000000000002, 
Thread-45, 29, 1, 1, 0.025114016607403755, 0.12285983392596247, 0.07714016607403756, 0.0274, 
Thread-45, 30, 1, 1, 0.025358807295560837, 0.12241192704439165, 0.07758807295560835, 0.0276, 
Thread-45, 31, 1, 0, 0.025642430409789085, 0.12157569590210915, 0.07842430409789086, 0.0278, 
Thread-45, 32, 1, 0, 0.025908909738063812, 0.12091090261936187, 0.0790890973806381, 0.028, 
Thread-45, 33, 1, 0, 0.026152489706873894, 0.12047510293126104, 0.07952489706873893, 0.028200000000000003, 
Thread-45, 34, 1, 0, 0.026380104944109917, 0.1201989505589008, 0.07980104944109917, 0.0284, 
Thread-45, 35, 1, 0, 0.026598189026117325, 0.1200181097388267, 0.07998189026117326, 0.0286, 
Thread-45, 36, 1, 0, 0.026809319853782654, 0.11990680146217347, 0.08009319853782654, 0.0288, 
Thread-45, 37, 1, 0, 0.027016060426831245, 0.11983939573168755, 0.08016060426831245, 0.028999999999999998, 
Thread-45, 38, 1, 0, 0.027219591662287712, 0.11980408337712287, 0.0801959166228771, 0.0292, 
Thread-45, 39, 1, 0, 0.02741989865899086, 0.11980101341009138, 0.0801989865899086, 0.029400000000000003, 
Thread-45, 40, 1, 0, 0.02761823683977127, 0.11981763160228726, 0.08018236839771271, 0.0296, 
Thread-45, 41, 1, 0, 0.027813831344246864, 0.11986168655753138, 0.08013831344246866, 0.0298, 
Thread-45, 42, 1, 0, 0.02800738252699375, 0.1199261747300625, 0.0800738252699375, 0.03, 
Thread-45, 43, 1, 0, 0.028198957443237305, 0.12001042556762695, 0.07998957443237302, 0.0302, 
Thread-45, 44, 1, 0, 0.02838788367807865, 0.12012116321921347, 0.0798788367807865, 0.0304, 
Thread-45, 45, 1, 0, 0.028575170785188675, 0.12024829214811322, 0.07975170785188675, 0.030600000000000002, 
Thread-45, 46, 1, 0, 0.028759891167283058, 0.12040108832716945, 0.07959891167283059, 0.0308, 
Thread-45, 47, 1, 0, 0.02894258312880993, 0.12057416871190066, 0.07942583128809931, 0.031, 
Thread-45, 48, 1, 0, 0.02912328578531742, 0.1207671421468258, 0.07923285785317422, 0.0312, 
Thread-45, 49, 1, 0, 0.02930130809545517, 0.1209869190454483, 0.07901308095455167, 0.0314, 
Thread-45, 50, 1, 0, 0.029477659612894058, 0.1212234038710594, 0.07877659612894057, 0.0316, 
Thread-45, 51, 1, 1, 0.02965128980576992, 0.12148710194230077, 0.0785128980576992, 0.0318, 
Thread-45, 52, 1, 1, 0.029826395213603973, 0.12173604786396022, 0.07826395213603975, 0.032, 
Thread-45, 53, 1, 1, 0.030057396739721298, 0.12142603260278703, 0.07857396739721298, 0.0322, 
Thread-45, 54, 1, 1, 0.030298717319965363, 0.12101282680034638, 0.07898717319965362, 0.0324, 
Thread-45, 55, 1, 1, 0.030552253127098083, 0.12047746872901915, 0.07952253127098081, 0.032600000000000004, 
Thread-45, 56, 1, 1, 0.030839478597044945, 0.11960521402955053, 0.08039478597044944, 0.0328, 
Thread-45, 57, 1, 1, 0.03109891340136528, 0.11901086598634716, 0.0809891340136528, 0.033, 
Thread-45, 58, 1, 1, 0.03142622113227844, 0.1177377886772156, 0.08226221132278444, 0.0332, 
Thread-45, 59, 1, 1, 0.03171975910663605, 0.11680240893363954, 0.08319759106636046, 0.0334, 
Thread-45, 60, 1, 1, 0.03205139935016632, 0.11548600649833679, 0.08451399350166322, 0.0336, 
Thread-45, 61, 1, 0, 0.03237972408533096, 0.11420275914669036, 0.08579724085330961, 0.0338, 
Thread-45, 62, 1, 0, 0.032677795737981796, 0.11322204262018201, 0.08677795737981796, 0.034, 
Thread-45, 63, 1, 0, 0.03295382112264633, 0.11246178877353671, 0.08753821122646332, 0.0342, 
Thread-45, 64, 1, 0, 0.03321445733308792, 0.11185542666912074, 0.08814457333087923, 0.0344, 
Thread-45, 65, 1, 0, 0.03346574306488037, 0.1113425693511963, 0.08865743064880371, 0.0346, 
Thread-45, 66, 1, 1, 0.03370951488614082, 0.11090485113859176, 0.08909514886140821, 0.0348, 
Thread-45, 67, 1, 1, 0.03403203934431076, 0.10967960655689238, 0.09032039344310759, 0.035, 
Thread-45, 68, 1, 1, 0.03434808552265167, 0.10851914477348325, 0.09148085522651672, 0.0352, 
Thread-45, 69, 1, 1, 0.03469425439834595, 0.10705745601654049, 0.09294254398345948, 0.0354, 
Thread-45, 70, 1, 1, 0.03506060689687729, 0.10539393103122713, 0.09460606896877291, 0.0356, 
Thread-45, 71, 1, 0, 0.03534010797739029, 0.10426558689276375, 0.09573441310723622, 0.03576666666666667, 
Thread-45, 72, 1, 0, 0.03575749695301056, 0.1020916971365611, 0.09790830286343893, 0.03596666666666667, 
Thread-45, 73, 1, 0, 0.036132074892520905, 0.10034591774145757, 0.0996540822585424, 0.036166666666666666, 
Thread-45, 74, 1, 0, 0.03647439554333687, 0.09892271123329799, 0.10107728876670198, 0.03636666666666667, 
Thread-45, 75, 1, 0, 0.036795590072870255, 0.09771076593796411, 0.10228923406203586, 0.036566666666666664, 
Thread-45, 76, 1, 0, 0.03710116446018219, 0.09665502206484475, 0.10334497793515522, 0.03676666666666667, 
Thread-45, 77, 1, 0, 0.03739719092845917, 0.09569475738207503, 0.10430524261792501, 0.03696666666666667, 
Thread-45, 78, 1, 0, 0.03768547251820564, 0.0948119414846102, 0.10518805851538977, 0.03716666666666667, 
Thread-45, 79, 1, 0, 0.03796739503741264, 0.09399271629254025, 0.10600728370745979, 0.037366666666666666, 
Thread-45, 80, 1, 0, 0.03824467211961746, 0.09321994547049205, 0.10678005452950792, 0.037566666666666665, 
Thread-45, 81, 1, 1, 0.038515809923410416, 0.0925085674325625, 0.10749143256743747, 0.03776666666666667, 
Thread-45, 82, 1, 1, 0.038785744458436966, 0.09180922208229698, 0.10819077791770298, 0.03796666666666666, 
Thread-45, 83, 1, 1, 0.03911955654621124, 0.0904711012045542, 0.10952889879544576, 0.03816666666666667, 
Thread-45, 84, 1, 1, 0.039464205503463745, 0.08902461163202924, 0.1109753883679708, 0.03836666666666667, 
Thread-45, 85, 1, 1, 0.039816997945308685, 0.08749668721357975, 0.11250331278642021, 0.038566666666666666, 
Thread-45, 86, 1, 0, 0.040199290961027145, 0.08567375705639521, 0.11432624294360476, 0.03876666666666667, 
Thread-45, 87, 1, 0, 0.04055000841617584, 0.08416658250490823, 0.11583341749509174, 0.03896666666666666, 
Thread-45, 88, 1, 0, 0.040874022990465164, 0.082926436762015, 0.11707356323798497, 0.03916666666666667, 
Thread-45, 89, 1, 0, 0.041179537773132324, 0.08187128893534346, 0.11812871106465658, 0.03936666666666667, 
Thread-45, 90, 1, 0, 0.041473209857940674, 0.08093456808725988, 0.11906543191274009, 0.03956666666666667, 
Thread-45, 91, 1, 0, 0.041756466031074524, 0.08010200635592143, 0.1198979936440786, 0.039766666666666665, 
Thread-45, 92, 1, 0, 0.04203321039676666, 0.07933456269900004, 0.12066543730099993, 0.039966666666666664, 
Thread-45, 93, 1, 0, 0.04230361431837082, 0.07863052348295846, 0.12136947651704151, 0.04016666666666667, 
Thread-45, 94, 1, 0, 0.042568139731884, 0.07798526934782668, 0.12201473065217336, 0.04036666666666667, 
Thread-45, 95, 1, 0, 0.042828112840652466, 0.07738553826014197, 0.122614461739858, 0.04056666666666667, 
Thread-45, 96, 1, 0, 0.04308176413178444, 0.07684902534882229, 0.12315097465117775, 0.040766666666666666, 
Thread-45, 97, 1, 0, 0.04333115741610527, 0.07635509250561397, 0.123644907494386, 0.040966666666666665, 
Thread-45, 98, 1, 0, 0.043575480580329895, 0.07591186086336771, 0.12408813913663226, 0.04116666666666667, 
Thread-45, 99, 1, 0, 0.043814755976200104, 0.07551910690466561, 0.12448089309533436, 0.04136666666666666, 
Thread-45, 100, 1, 0, 0.04405011981725693, 0.07516546849409736, 0.12483453150590261, 0.04156666666666667, 
Thread-45, 101, 1, 0, 0.044279590249061584, 0.07487076417605085, 0.1251292358239492, 0.04176666666666667, 
Thread-45, 102, 1, 0, 0.04450526088476181, 0.07461405781904851, 0.12538594218095145, 0.041966666666666666, 
Thread-45, 103, 1, 0, 0.04472629353404045, 0.07440373132626216, 0.1255962686737378, 0.04216666666666667, 
Thread-45, 104, 1, 0, 0.04494258761405945, 0.07424079052607217, 0.1257592094739278, 0.042366666666666664, 
Thread-45, 105, 1, 0, 0.04515533149242401, 0.07411335174242653, 0.12588664825757345, 0.04256666666666667, 
Thread-45, 106, 1, 1, 0.04536253213882446, 0.07404134527842207, 0.12595865472157797, 0.04276666666666667, 
Thread-45, 107, 1, 1, 0.04565244913101196, 0.07314217535654699, 0.12685782464345297, 0.04296666666666667, 
Thread-45, 108, 1, 1, 0.04600351303815842, 0.07163153628508251, 0.12836846371491753, 0.043166666666666666, 
Thread-45, 109, 1, 1, 0.04639919102191925, 0.06967475644747416, 0.1303252435525258, 0.043366666666666664, 
Thread-45, 110, 1, 1, 0.046829819679260254, 0.06736846987406411, 0.13263153012593587, 0.04356666666666667, 
Thread-45, 111, 1, 1, 0.04728681966662407, 0.06479847000042595, 0.13520152999957402, 0.04376666666666666, 
Thread-45, 112, 1, 1, 0.04776868596673012, 0.06197980699936545, 0.1380201930006345, 0.04396666666666667, 
Thread-45, 113, 1, 1, 0.048238713294267654, 0.05927953372399014, 0.1407204662760099, 0.04416666666666667, 
Thread-45, 114, 1, 1, 0.04874378442764282, 0.05622882239023838, 0.1437711776097616, 0.044366666666666665, 
Thread-45, 115, 1, 1, 0.049241818487644196, 0.053248481790224705, 0.14675151820977528, 0.04456666666666667, 
Thread-45, 116, 1, 0, 0.049758102744817734, 0.05008563921848931, 0.14991436078151066, 0.04476666666666666, 
Thread-45, 117, 1, 0, 0.05026884377002716, 0.04697822896639503, 0.15302177103360493, 0.04496666666666667, 
Thread-45, 118, 1, 0, 0.05072174221277237, 0.044449244538943, 0.15555075546105704, 0.04516666666666667, 
Thread-45, 119, 1, 0, 0.05113483592867851, 0.04231830737988149, 0.1576816926201185, 0.045366666666666666, 
Thread-45, 120, 1, 0, 0.05152256786823273, 0.0404409879843394, 0.15955901201566058, 0.04556666666666667, 
Thread-45, 121, 1, 0, 0.051891058683395386, 0.0387560798327128, 0.16124392016728717, 0.045766666666666664, 
Thread-45, 122, 1, 0, 0.05224735662341118, 0.03719310043255486, 0.1628068995674451, 0.04596666666666667, 
Thread-45, 123, 1, 0, 0.05259307101368904, 0.03573595652977629, 0.16426404347022375, 0.04616666666666667, 
Thread-45, 124, 1, 0, 0.052929602563381195, 0.03437064103285467, 0.1656293589671453, 0.04636666666666667, 
Thread-45, 125, 1, 0, 0.05325895920395851, 0.033077074627081565, 0.16692292537291847, 0.046566666666666666, 
Thread-45, 126, 1, 0, 0.053579170256853104, 0.03187496409813563, 0.16812503590186434, 0.046766666666666665, 
Thread-45, 127, 1, 0, 0.05389292910695076, 0.030737375597159056, 0.1692626244028409, 0.04696666666666667, 
Thread-45, 128, 1, 0, 0.054199397563934326, 0.02967269102732338, 0.1703273089726766, 0.04716666666666666, 
Thread-45, 129, 1, 0, 0.05449853092432022, 0.02868135742346442, 0.17131864257653556, 0.04736666666666667, 
Thread-45, 130, 1, 0, 0.054791852831840515, 0.027748138348261536, 0.1722518616517385, 0.04756666666666667, 
Thread-45, 131, 1, 0, 0.05507697910070419, 0.026896875659624675, 0.17310312434037528, 0.047766666666666666, 
Thread-45, 132, 1, 0, 0.05535641685128212, 0.026102498153845466, 0.1738975018461545, 0.04796666666666667, 
Thread-45, 133, 1, 0, 0.05562915652990341, 0.025375101367632533, 0.17462489863236744, 0.04816666666666666, 
Thread-45, 134, 1, 0, 0.05589527264237404, 0.024713940242926252, 0.17528605975707373, 0.04836666666666667, 
Thread-45, 135, 1, 0, 0.056156225502491, 0.024104411641756723, 0.17589558835824332, 0.04856666666666667, 
Thread-45, 136, 1, 0, 0.05640952289104462, 0.023571437756220448, 0.1764285622437795, 0.048766666666666666, 
Thread-45, 137, 1, 0, 0.05665787681937218, 0.0230878984729449, 0.17691210152705505, 0.04896666666666667, 
Thread-45, 138, 1, 0, 0.05690016597509384, 0.022665006915728245, 0.17733499308427172, 0.049166666666666664, 
Thread-45, 139, 1, 0, 0.05713636800646782, 0.022302986601988456, 0.17769701339801153, 0.04936666666666667, 
Thread-45, 140, 1, 0, 0.05736805498600006, 0.021986116806666095, 0.17801388319333394, 0.04956666666666667, 
Thread-45, 141, 1, 0, 0.05759290233254433, 0.021737643341223356, 0.1782623566587766, 0.04976666666666667, 
Thread-45, 142, 1, 0, 0.057813484221696854, 0.021531824449698145, 0.1784681755503019, 0.049966666666666666, 
Thread-45, 143, 1, 0, 0.058028802275657654, 0.02137864391009013, 0.17862135608990984, 0.050166666666666665, 
Thread-45, 144, 1, 0, 0.058238912373781204, 0.021277542928854615, 0.17872245707114537, 0.05036666666666667, 
Thread-45, 145, 1, 0, 0.05844530090689659, 0.021213657597700733, 0.17878634240229924, 0.05056666666666666, 
Thread-45, 146, 1, 0, 0.05864555761218071, 0.021211090544859534, 0.17878890945514042, 0.05076666666666667, 
Thread-45, 147, 1, 0, 0.05884229391813278, 0.02124372748533887, 0.17875627251466117, 0.05096666666666667, 
Thread-45, 148, 1, 0, 0.05903446674346924, 0.021321999231974226, 0.17867800076802576, 0.051166666666666666, 
Thread-45, 149, 1, 0, 0.05922219157218933, 0.021444750944773355, 0.17855524905522663, 0.05136666666666667, 
Thread-45, 150, 1, 0, 0.05940695106983185, 0.021597155968348172, 0.1784028440316518, 0.05156666666666666, 
Thread-45, 151, 1, 0, 0.0595862977206707, 0.02180368945995964, 0.17819631054004031, 0.05176666666666667, 
Thread-45, 152, 1, 0, 0.059762902557849884, 0.02203764108816779, 0.17796235891183218, 0.05196666666666666, 
Thread-45, 153, 1, 0, 0.05993574485182762, 0.022309218148390472, 0.1776907818516095, 0.05216666666666667, 
Thread-45, 154, 1, 0, 0.06010491028428078, 0.022617563823858905, 0.17738243617614108, 0.05236666666666667, 
Thread-45, 155, 1, 0, 0.060271888971328735, 0.02294777695337924, 0.17705222304662066, 0.052566666666666664, 
Thread-45, 156, 1, 0, 0.060434047132730484, 0.02332619533936181, 0.17667380466063815, 0.05276666666666667, 
Thread-45, 157, 1, 0, 0.06059426814317703, 0.023723985234896383, 0.17627601476510366, 0.05296666666666666, 
Thread-45, 158, 1, 0, 0.06075143814086914, 0.02415228525797522, 0.17584771474202476, 0.05316666666666667, 
Thread-45, 159, 1, 0, 0.0609055757522583, 0.024610909144083676, 0.1753890908559163, 0.05336666666666667, 
Thread-45, 160, 1, 0, 0.061058420687913895, 0.025082459787527656, 0.17491754021247224, 0.053566666666666665, 
Thread-45, 161, 1, 0, 0.06120801717042923, 0.025586494962374362, 0.1744135050376256, 0.05376666666666667, 
Thread-45, 162, 1, 0, 0.061358023434877396, 0.02608643231789276, 0.17391356768210728, 0.05396666666666666, 
Thread-45, 163, 1, 0, 0.061508093029260635, 0.02658573637406028, 0.1734142636259397, 0.05416666666666667, 
Thread-45, 164, 1, 0, 0.06165836378931999, 0.027083028773466633, 0.17291697122653327, 0.05436666666666666, 
Thread-45, 165, 1, 0, 0.061810269951820374, 0.027563967148462876, 0.17243603285153702, 0.054566666666666666, 
Thread-45, 166, 1, 0, 0.061960842460393906, 0.028058242062727612, 0.17194175793727234, 0.05476666666666667, 
Thread-45, 167, 1, 0, 0.062112245708703995, 0.028544209579626778, 0.17145579042037326, 0.054966666666666664, 
Thread-45, 168, 1, 0, 0.0622628815472126, 0.029037851194540637, 0.17096214880545935, 0.05516666666666667, 
Thread-45, 169, 1, 0, 0.062412384897470474, 0.02954281769196182, 0.17045718230803808, 0.05536666666666666, 
Thread-45, 170, 1, 0, 0.06256222724914551, 0.030044394175211542, 0.16995560582478836, 0.05556666666666667, 
Thread-45, 171, 1, 0, 0.06270958483219147, 0.030570818344752004, 0.16942918165524795, 0.05576666666666667, 
Thread-45, 172, 1, 0, 0.06285716593265533, 0.03109500734011339, 0.16890499265988665, 0.055966666666666665, 
Thread-45, 173, 1, 0, 0.06300380080938339, 0.03162865857283273, 0.16837134142716725, 0.05616666666666667, 
Thread-45, 174, 1, 0, 0.0631493404507637, 0.03217326215902955, 0.16782673784097035, 0.05636666666666666, 
Thread-45, 175, 1, 0, 0.06329536437988281, 0.032713022867838504, 0.16728697713216145, 0.05656666666666667, 
Thread-45, 176, 1, 0, 0.0634390339255333, 0.03327632741133374, 0.16672367258866622, 0.056766666666666674, 
Thread-45, 177, 1, 0, 0.06358303129673004, 0.03383635369936633, 0.1661636463006337, 0.056966666666666665, 
Thread-45, 178, 1, 0, 0.06372606009244919, 0.03440606574217478, 0.1655939342578252, 0.05716666666666667, 
Thread-45, 179, 1, 0, 0.0638679713010788, 0.034986953655878616, 0.16501304634412128, 0.05736666666666666, 
Thread-45, 180, 1, 0, 0.06401030719280243, 0.035563594738642346, 0.1644364052613576, 0.05756666666666667, 
Thread-45, 181, 1, 0, 0.0641501322388649, 0.03616534427801771, 0.16383465572198233, 0.05776666666666666, 
Thread-45, 182, 1, 0, 0.06429019570350647, 0.036764709631602055, 0.16323529036839798, 0.057966666666666666, 
Thread-45, 183, 1, 0, 0.06442934274673462, 0.03737323919932048, 0.1626267608006795, 0.05816666666666667, 
Thread-45, 184, 1, 0, 0.06456739455461502, 0.03799272112051638, 0.16200727887948352, 0.058366666666666664, 
Thread-45, 185, 1, 0, 0.06470590084791183, 0.0386076581875483, 0.16139234181245166, 0.05856666666666667, 
Thread-45, 186, 1, 0, 0.06484203785657883, 0.039246288100878435, 0.1607537118991216, 0.05876666666666666, 
Thread-45, 187, 1, 0, 0.06497843563556671, 0.03988231031099951, 0.16011768968900048, 0.05896666666666667, 
Thread-45, 188, 1, 0, 0.06511393189430237, 0.040527347723643, 0.15947265227635699, 0.05916666666666667, 
Thread-45, 189, 1, 0, 0.06524838507175446, 0.04118281594912204, 0.15881718405087786, 0.059366666666666665, 
Thread-45, 190, 1, 0, 0.06538324803113937, 0.04183418635527292, 0.15816581364472704, 0.05956666666666667, 
Thread-45, 191, 1, 1, 0.06551562249660492, 0.04251044170061752, 0.15748955829938252, 0.05976666666666666, 
Thread-45, 192, 1, 1, 0.06571149826049805, 0.04255168406168616, 0.15744831593831382, 0.05996666666666667, 
Thread-45, 193, 1, 1, 0.06598900258541107, 0.04177664081255597, 0.158223359187444, 0.060166666666666674, 
Thread-45, 194, 1, 1, 0.06630383431911469, 0.040628323475519756, 0.15937167652448014, 0.060366666666666666, 
Thread-45, 195, 1, 1, 0.06664057075977325, 0.03926095906893412, 0.16073904093106584, 0.06056666666666667, 
Thread-45, 196, 1, 0, 0.06699735671281815, 0.037693099538485264, 0.16230690046151477, 0.06076666666666666, 
Thread-45, 197, 1, 0, 0.06734869629144669, 0.03617970375219978, 0.1638202962478002, 0.06096666666666667, 
Thread-45, 198, 1, 0, 0.0676206573843956, 0.035460092822710565, 0.16453990717728934, 0.06116666666666666, 
Thread-45, 199, 1, 0, 0.06782067567110062, 0.03545990995566045, 0.16454009004433945, 0.06136666666666667, 
Thread-45, 200, 1, 0, 0.06795844435691833, 0.036082223097483324, 0.16391777690251663, 0.06156666666666667, 
Thread-45, 201, 1, 0, 0.0680408626794815, 0.03725803987185167, 0.16274196012814837, 0.061766666666666664, 
Thread-45, 202, 1, 0, 0.06808213144540787, 0.038845352212587975, 0.161154647787412, 0.06196666666666667, 
Thread-45, 203, 1, 0, 0.06809207051992416, 0.04074596146742493, 0.15925403853257497, 0.06216666666666666, 
Thread-45, 204, 1, 0, 0.06807999312877655, 0.04286673537890112, 0.15713326462109883, 0.06236666666666667, 
Thread-45, 205, 1, 0, 0.06805450469255447, 0.04512161974112194, 0.154878380258878, 0.06256666666666667, 
Thread-45, 206, 1, 0, 0.06801719963550568, 0.04749467031160998, 0.15250532968839006, 0.06276666666666667, 
Thread-45, 207, 1, 0, 0.06797350198030472, 0.04993164686361948, 0.1500683531363805, 0.06296666666666667, 
Thread-45, 208, 1, 0, 0.06792334467172623, 0.05243321994940431, 0.1475667800505956, 0.06316666666666666, 
Thread-45, 209, 1, 0, 0.06786727160215378, 0.05499395064512885, 0.1450060493548711, 0.06336666666666667, 
Thread-45, 210, 1, 0, 0.06780730187892914, 0.05759364787737531, 0.14240635212262473, 0.06356666666666666, 
Thread-45, 211, 1, 0, 0.0677410364151001, 0.06025630251566577, 0.13974369748433427, 0.06376666666666667, 
Thread-45, 212, 1, 0, 0.06767194718122482, 0.06294719485441844, 0.13705280514558155, 0.06396666666666667, 
Thread-45, 213, 1, 0, 0.06759956479072571, 0.0656710187594095, 0.1343289812405904, 0.06416666666666666, 
Thread-45, 214, 1, 0, 0.06752456724643707, 0.06842099420229591, 0.13157900579770404, 0.06436666666666667, 
Thread-45, 215, 1, 0, 0.0674494132399559, 0.07117253426710768, 0.12882746573289236, 0.06456666666666666, 
Thread-45, 216, 1, 0, 0.06737199425697327, 0.07394672409693409, 0.12605327590306595, 0.06476666666666667, 
Thread-45, 217, 1, 0, 0.06729578971862793, 0.07670876948038738, 0.12329123051961259, 0.06496666666666667, 
Thread-45, 218, 1, 0, 0.06722018867731094, 0.07946477989355716, 0.12053522010644274, 0.06516666666666666, 
Thread-45, 219, 1, 0, 0.06714566797018051, 0.08220998696486154, 0.11779001303513843, 0.06536666666666667, 
Thread-45, 220, 1, 0, 0.0670742616057396, 0.08492405060927077, 0.11507594939072927, 0.06556666666666666, 
Thread-45, 221, 1, 0, 0.0670037567615509, 0.0876290990511576, 0.11237090094884238, 0.06576666666666667, 
Thread-45, 222, 1, 0, 0.06693731993436813, 0.09029346732298535, 0.10970653267701462, 0.06596666666666667, 
Thread-45, 223, 1, 0, 0.06687414646148682, 0.09292520205179844, 0.10707479794820146, 0.06616666666666667, 
Thread-45, 224, 1, 0, 0.06681443005800247, 0.09552236608664194, 0.10447763391335803, 0.06636666666666667, 
Thread-45, 225, 1, 0, 0.06676014512777328, 0.09806521538893387, 0.10193478461106617, 0.06656666666666666, 
Thread-45, 226, 1, 0, 0.06670874357223511, 0.10057923094431556, 0.09942076905568441, 0.06676666666666667, 
Thread-45, 227, 1, 0, 0.06666329503059387, 0.10303371636072783, 0.09696628363927207, 0.06696666666666666, 
Thread-45, 228, 1, 0, 0.06662270426750183, 0.1054396239916483, 0.0945603760083516, 0.06716666666666667, 
Thread-45, 229, 1, 0, 0.06658709049224854, 0.10779576174418132, 0.09220423825581865, 0.06736666666666667, 
Thread-45, 230, 1, 0, 0.06655808538198471, 0.11008581284681962, 0.08991418715318042, 0.06756666666666666, 
Thread-45, 231, 1, 0, 0.06653312593698502, 0.11233540729681649, 0.08766459270318348, 0.06776666666666667, 
Thread-45, 232, 1, 0, 0.0665149837732315, 0.1145168289343515, 0.0854831710656484, 0.06796666666666666, 
Thread-45, 233, 1, 0, 0.06650252640247345, 0.11664140264193212, 0.08335859735806778, 0.06816666666666667, 
Thread-45, 234, 1, 0, 0.06649543344974518, 0.1187123321692149, 0.08128766783078507, 0.06836666666666667, 
Thread-45, 235, 1, 0, 0.06649508327245712, 0.12071583394209551, 0.07928416605790453, 0.06856666666666666, 
Thread-45, 236, 1, 0, 0.06649810820817947, 0.12268558458487192, 0.07731441541512805, 0.06876666666666667, 
Thread-45, 237, 1, 0, 0.06650684028863907, 0.12459826378027589, 0.07540173621972401, 0.06896666666666666, 
Thread-45, 238, 1, 0, 0.06651976704597473, 0.12646899620691932, 0.07353100379308065, 0.06916666666666667, 
Thread-45, 239, 1, 0, 0.06653645634651184, 0.12830210320154828, 0.07169789679845169, 0.06936666666666667, 
Thread-45, 240, 1, 0, 0.06655839830636978, 0.13008268360296893, 0.06991731639703111, 0.06956666666666667, 
Thread-45, 241, 1, 0, 0.06658289581537247, 0.131837708512942, 0.06816229148705798, 0.06976666666666667, 
Thread-45, 242, 1, 0, 0.06661295890808105, 0.13353707758585603, 0.06646292241414387, 0.06996666666666666, 
Thread-45, 243, 1, 0, 0.06664742529392242, 0.1351924137274424, 0.06480758627255757, 0.07016666666666667, 
Thread-45, 244, 1, 0, 0.066686250269413, 0.13680416397253675, 0.06319583602746329, 0.07036666666666666, 
Thread-45, 245, 1, 0, 0.06673114001750946, 0.13835526649157215, 0.06164473350842789, 0.07056666666666667, 
Thread-45, 246, 1, 1, 0.0667792558670044, 0.13987410799662273, 0.06012589200337724, 0.07076666666666667, 
Thread-45, 247, 1, 1, 0.06692007184028625, 0.14046594826380404, 0.05953405173619586, 0.07096666666666666, 
Thread-45, 248, 1, 1, 0.06710900366306305, 0.14057663003603615, 0.059423369963963815, 0.07116666666666667, 
Thread-45, 249, 1, 1, 0.06734359264373779, 0.14023074022928878, 0.059769259770711264, 0.07136666666666666, 
Thread-45, 250, 1, 1, 0.06761249899864197, 0.13954167668024695, 0.060458323319753024, 0.07156666666666667, 
Thread-45, 251, 1, 0, 0.06789924949407578, 0.13867417172590893, 0.06132582827409104, 0.07176666666666667, 
Thread-45, 252, 1, 0, 0.0682227611541748, 0.13743905512491855, 0.06256094487508135, 0.07196666666666666, 
Thread-45, 253, 1, 0, 0.06849054247140884, 0.13676124195257822, 0.06323875804742175, 0.07216666666666667, 
Thread-45, 254, 1, 0, 0.06872297823429108, 0.13643688432375595, 0.06356311567624409, 0.07236666666666666, 
Thread-45, 255, 1, 0, 0.06893720477819443, 0.13629461888472236, 0.06370538111527768, 0.07256666666666667, 
Thread-45, 256, 1, 0, 0.0691399872303009, 0.13626679436365766, 0.06373320563634238, 0.07276666666666667, 
Thread-45, 257, 1, 0, 0.06933970749378204, 0.13626959172884617, 0.06373040827115373, 0.07296666666666667, 
Thread-45, 258, 1, 0, 0.06953807175159454, 0.13628594915072123, 0.06371405084927881, 0.07316666666666667, 
Thread-45, 259, 1, 0, 0.06973625719547272, 0.13630409471193955, 0.06369590528806049, 0.07336666666666666, 
Thread-45, 260, 1, 0, 0.06993652135133743, 0.1363014531532923, 0.06369854684670773, 0.07356666666666667, 
Thread-45, 261, 1, 0, 0.07013627141714096, 0.13630395249525695, 0.06369604750474295, 0.07376666666666666, 
Thread-45, 262, 1, 0, 0.07033853232860565, 0.1362813433806101, 0.0637186566193898, 0.07396666666666667, 
Thread-45, 263, 1, 0, 0.07054198533296585, 0.13624681333700817, 0.06375318666299187, 0.07416666666666667, 
Thread-45, 264, 1, 0, 0.07074658572673798, 0.13620080939928697, 0.06379919060071307, 0.07436666666666666, 
Thread-45, 265, 1, 0, 0.07095393538475037, 0.136127312819163, 0.06387268718083705, 0.07456666666666667, 
Thread-45, 266, 1, 0, 0.07116083800792694, 0.13605828658739716, 0.06394171341260274, 0.07476666666666666, 
Thread-45, 267, 1, 0, 0.0713702067732811, 0.13596459893385565, 0.06403540106614439, 0.07496666666666667, 
Thread-45, 268, 1, 0, 0.0715806856751442, 0.13585980991522473, 0.06414019008477531, 0.07516666666666667, 
Thread-45, 269, 1, 0, 0.07179197669029236, 0.13574689976374316, 0.06425310023625688, 0.07536666666666667, 
Thread-45, 270, 1, 0, 0.07200554758310318, 0.13561119083563486, 0.06438880916436518, 0.07556666666666667, 
Thread-45, 271, 1, 0, 0.07221829891204834, 0.13548367754618318, 0.06451632245381672, 0.07576666666666666, 
Thread-45, 272, 1, 0, 0.07243295013904572, 0.13533716527620948, 0.06466283472379056, 0.07596666666666667, 
Thread-45, 273, 1, 0, 0.07264803349971771, 0.13518633166948957, 0.06481366833051047, 0.07616666666666666, 
Thread-45, 274, 1, 0, 0.07286345213651657, 0.13503214530150104, 0.064967854698499, 0.07636666666666667, 
Thread-45, 275, 1, 0, 0.07307989150285721, 0.13486775163809459, 0.06513224836190545, 0.07656666666666667, 
Thread-45, 276, 1, 1, 0.07328908145427704, 0.1347758521238962, 0.0652241478761037, 0.07676666666666666, 
Thread-45, 277, 1, 1, 0.07355386018753052, 0.13412806479136147, 0.06587193520863857, 0.07696666666666667, 
Thread-45, 278, 1, 1, 0.0738583505153656, 0.1330831615130107, 0.06691683848698934, 0.07716666666666666, 
Thread-45, 279, 1, 1, 0.07415694743394852, 0.1320971923271816, 0.06790280767281845, 0.07736666666666667, 
Thread-45, 280, 1, 1, 0.07443905621767044, 0.13127610448996227, 0.06872389551003777, 0.07756666666666667, 
Thread-45, 281, 1, 0, 0.07471535354852676, 0.13051313118139896, 0.06948686881860094, 0.07776666666666666, 
Thread-45, 282, 1, 0, 0.07499771565198898, 0.12968951014677682, 0.07031048985322322, 0.07796666666666667, 
Thread-45, 283, 1, 0, 0.07517976313829422, 0.1298690352837245, 0.07013096471627553, 0.07816666666666666, 
Thread-45, 284, 1, 0, 0.07529525458812714, 0.13071412078539527, 0.06928587921460477, 0.07836666666666667, 
Thread-45, 285, 1, 0, 0.07537148892879486, 0.13195177737871808, 0.06804822262128196, 0.07856666666666667, 
Thread-45, 286, 1, 1, 0.07542125880718231, 0.13345407859484348, 0.06654592140515642, 0.07876666666666667, 
Thread-45, 287, 1, 1, 0.07555694133043289, 0.13409725336233774, 0.0659027466376623, 0.07896666666666667, 
Thread-45, 288, 1, 1, 0.07576636970043182, 0.13400296966234848, 0.06599703033765156, 0.07916666666666666, 
Thread-45, 289, 1, 1, 0.0760183185338974, 0.13348348132769264, 0.0665165186723074, 0.07936666666666667, 
Thread-45, 290, 1, 1, 0.0763012021780014, 0.13265464488665252, 0.06734535511334738, 0.07956666666666666, 
Thread-45, 291, 1, 1, 0.07660694420337677, 0.1315972246328989, 0.06840277536710099, 0.07976666666666667, 
Thread-45, 292, 1, 1, 0.07691031694412231, 0.13056349722544353, 0.06943650277455651, 0.07996666666666667, 
Thread-45, 293, 1, 1, 0.07727176696062088, 0.12894899706045793, 0.07105100293954211, 0.08016666666666666, 
Thread-45, 294, 1, 1, 0.07759959995746613, 0.1276706670920054, 0.07232933290799465, 0.08036666666666667, 
Thread-45, 295, 1, 1, 0.07795847207307816, 0.126081945935885, 0.07391805406411489, 0.08056666666666666, 
Thread-45, 296, 1, 0, 0.07831434905529022, 0.1245231761137644, 0.07547682388623564, 0.08076666666666667, 
Thread-45, 297, 1, 0, 0.0786241814494133, 0.12342485217253368, 0.07657514782746636, 0.08096666666666667, 
Thread-45, 298, 1, 0, 0.07887022197246552, 0.12296444694201158, 0.07703555305798845, 0.08116666666666666, 
Thread-45, 299, 1, 0, 0.07907570898532867, 0.12290957681337991, 0.07709042318662013, 0.08136666666666667, 
Thread-45, 300, 1, 0, 0.07925830036401749, 0.12308366302649171, 0.07691633697350819, 0.08156666666666666, 
Thread-45, 301, 1, 0, 0.07942403107881546, 0.12342635587851203, 0.07657364412148801, 0.08176666666666667, 
Thread-45, 302, 1, 0, 0.07958125323057175, 0.12385413436094922, 0.07614586563905082, 0.08196666666666667, 
Thread-45, 303, 1, 0, 0.0797315463423729, 0.1243512032429378, 0.07564879675706224, 0.08216666666666667, 
Thread-45, 304, 1, 0, 0.0798766165971756, 0.12490050069491068, 0.07509949930508936, 0.08236666666666667, 
Thread-45, 305, 1, 0, 0.08001935482025146, 0.12547311846415207, 0.07452688153584797, 0.08256666666666668, 
Thread-45, 306, 1, 1, 0.08015735447406769, 0.12609312192598976, 0.07390687807401028, 0.08276666666666667, 
Thread-45, 307, 1, 1, 0.08042262494564056, 0.12544041721026106, 0.07455958278973898, 0.08296666666666667, 
Thread-45, 308, 1, 1, 0.08072548359632492, 0.12441183070341741, 0.07558816929658263, 0.08316666666666667, 
Thread-45, 309, 1, 1, 0.08108201622962952, 0.1228465043703715, 0.07715349562962853, 0.08336666666666667, 
Thread-45, 310, 1, 1, 0.08147554844617844, 0.12091118220488223, 0.07908881779511781, 0.08356666666666666, 
Thread-45, 311, 1, 0, 0.0818725973367691, 0.11894069329897561, 0.08105930670102443, 0.08376666666666667, 
Thread-45, 312, 1, 0, 0.08232824504375458, 0.11638421622912093, 0.08361578377087911, 0.08396666666666668, 
Thread-45, 313, 1, 0, 0.08270178735256195, 0.11464879314104712, 0.08535120685895292, 0.08416666666666667, 
Thread-45, 314, 1, 0, 0.08302110433578491, 0.11345562330881756, 0.08654437669118248, 0.08436666666666667, 
Thread-45, 315, 1, 0, 0.08330957591533661, 0.11257090751330051, 0.08742909248669953, 0.08456666666666666, 
Thread-45, 316, 1, 1, 0.0835772305727005, 0.11189436093966165, 0.08810563906033839, 0.08476666666666667, 
Thread-45, 317, 1, 1, 0.0839029923081398, 0.1106367435852687, 0.08936325641473133, 0.08496666666666668, 
Thread-45, 318, 1, 1, 0.08432556688785553, 0.10841099778811134, 0.0915890022118887, 0.08516666666666667, 
Thread-45, 319, 1, 1, 0.08478440344333649, 0.10582263223330182, 0.09417736776669822, 0.08536666666666667, 
Thread-45, 320, 1, 1, 0.08528932929039001, 0.10277337376276646, 0.09722662623723358, 0.08556666666666667, 
Thread-45, 321, 1, 0, 0.08586093038320541, 0.09905736283461253, 0.10094263716538751, 0.08576666666666667, 
Thread-45, 322, 1, 0, 0.08632101118564606, 0.09612322147687272, 0.10387677852312732, 0.08593333333333333, 
Thread-45, 323, 1, 0, 0.08686188608407974, 0.09304780582586922, 0.10695219417413082, 0.08616666666666667, 
Thread-45, 324, 1, 0, 0.08726434409618378, 0.09102322570482893, 0.10897677429517111, 0.08636666666666667, 
Thread-45, 325, 1, 0, 0.08763539791107178, 0.08931268755594884, 0.1106873124440512, 0.08656666666666667, 
Thread-45, 326, 1, 0, 0.08798427879810333, 0.08782387868563335, 0.11217612131436669, 0.08676666666666667, 
Thread-45, 327, 1, 0, 0.08832208067178726, 0.08644585994879397, 0.11355414005120607, 0.08696666666666666, 
Thread-45, 328, 1, 0, 0.0886509120464325, 0.0851575462023417, 0.11484245379765834, 0.08716666666666667, 
Thread-45, 329, 1, 0, 0.08897233009338379, 0.08394336573282882, 0.11605663426717122, 0.08736666666666668, 
Thread-45, 330, 1, 0, 0.0892893373966217, 0.08277329270044959, 0.11722670729955045, 0.08756666666666667, 
Thread-45, 331, 1, 0, 0.08954736590385437, 0.08185967429478969, 0.11814032570521035, 0.08773333333333334, 
Thread-45, 332, 1, 0, 0.08990497142076492, 0.08061695245901737, 0.11938304754098267, 0.08796666666666667, 
Thread-45, 333, 1, 0, 0.09020642936229706, 0.07960237304369608, 0.12039762695630396, 0.08816666666666667, 
Thread-45, 334, 1, 0, 0.09050320833921432, 0.07863458327452347, 0.12136541672547657, 0.08836666666666668, 
Thread-45, 335, 1, 0, 0.09074873477220535, 0.07784598561127981, 0.12215401438872023, 0.08853333333333334, 
Thread-45, 336, 1, 0, 0.09103847295045853, 0.07694860382874799, 0.12305139617125205, 0.08873333333333333, 
Thread-45, 337, 1, 0, 0.09132643043994904, 0.07606902893384296, 0.12393097106615708, 0.08893333333333334, 
Thread-45, 338, 1, 0, 0.09161005169153214, 0.07523281641801202, 0.12476718358198802, 0.08913333333333334, 
Thread-45, 339, 1, 0, 0.09189119189977646, 0.0744214143355687, 0.12557858566443134, 0.08933333333333333, 
Thread-45, 340, 1, 0, 0.09217025339603424, 0.07363079937299094, 0.1263692006270091, 0.08953333333333334, 
Thread-45, 341, 1, 1, 0.09244515746831894, 0.07288175865014387, 0.12711824134985616, 0.08973333333333333, 
Thread-45, 342, 1, 1, 0.09288648515939713, 0.07046848173936207, 0.12953151826063797, 0.08993333333333334, 
Thread-45, 343, 1, 1, 0.0933970957994461, 0.06736237533887232, 0.13263762466112772, 0.09013333333333334, 
Thread-45, 344, 1, 1, 0.0939633697271347, 0.06369963606198625, 0.13630036393801379, 0.09033333333333333, 
Thread-45, 345, 1, 1, 0.09461197257041931, 0.05921360762914024, 0.1407863923708598, 0.09053333333333334, 
Thread-45, 346, 1, 0, 0.09521353244781494, 0.05519800885518386, 0.14480199114481618, 0.09073333333333333, 
Thread-45, 347, 1, 0, 0.09597314894199371, 0.0496018439133962, 0.15039815608660384, 0.09093333333333334, 
Thread-45, 348, 1, 0, 0.09659793972969055, 0.04535393603642787, 0.15464606396357217, 0.09113333333333334, 
Thread-45, 349, 1, 0, 0.09713156521320343, 0.042017681201299006, 0.15798231879870103, 0.09133333333333334, 
Thread-45, 350, 1, 0, 0.09760911017656326, 0.039242231567700736, 0.1607577684322993, 0.09153333333333334, 
Thread-45, 351, 1, 0, 0.09805084764957428, 0.036824856837590486, 0.16317514316240955, 0.09173333333333333, 
Thread-45, 352, 1, 0, 0.09847290813922882, 0.03460425194104513, 0.1653957480589549, 0.09193333333333334, 
Thread-45, 353, 1, 0, 0.09887919574975967, 0.03254137583573652, 0.16745862416426352, 0.09213333333333333, 
Thread-45, 354, 1, 0, 0.09927473962306976, 0.030585937102635685, 0.16941406289736435, 0.09233333333333334, 
Thread-45, 355, 1, 0, 0.0996614396572113, 0.028718936761220337, 0.1712810632387797, 0.09253333333333334, 
Thread-45, 356, 1, 0, 0.10003796219825745, 0.02695371135075883, 0.1730462886492412, 0.09273333333333333, 
Thread-45, 357, 1, 0, 0.10040788352489471, 0.025254498084386207, 0.17474550191561383, 0.09293333333333334, 
Thread-45, 358, 1, 0, 0.10076853632926941, 0.023647970040639177, 0.17635202995936086, 0.09313333333333333, 
Thread-45, 359, 1, 0, 0.10112201422452927, 0.022113191088040662, 0.17788680891195938, 0.09333333333333334, 
Thread-45, 360, 1, 0, 0.10146880894899368, 0.020645243843396555, 0.17935475615660348, 0.09353333333333334, 
Thread-45, 361, 1, 0, 0.10180673748254776, 0.0192659585078557, 0.18073404149214434, 0.09373333333333334, 
Thread-45, 362, 1, 0, 0.10213924199342728, 0.017940913399060593, 0.18205908660093945, 0.09393333333333334, 
Thread-45, 363, 1, 0, 0.10246342420578003, 0.016699091275532985, 0.18330090872446705, 0.09413333333333333, 
Thread-45, 364, 1, 0, 0.10278110951185226, 0.01552223821481069, 0.18447776178518935, 0.09433333333333334, 
Thread-45, 365, 1, 0, 0.10309280455112457, 0.014405287822087526, 0.1855947121779125, 0.09453333333333333, 
Thread-45, 366, 1, 0, 0.10339634120464325, 0.013369921286900815, 0.18663007871309922, 0.09473333333333334, 
Thread-45, 367, 1, 0, 0.10369521379470825, 0.012381195386250848, 0.1876188046137492, 0.09493333333333334, 
Thread-45, 368, 1, 0, 0.10398630797863007, 0.011470253547032627, 0.1885297464529674, 0.09513333333333333, 
Thread-45, 369, 1, 0, 0.10427184402942657, 0.010614893039067597, 0.18938510696093244, 0.09533333333333334, 
Thread-45, 370, 1, 0, 0.1045522391796112, 0.009810941537221202, 0.19018905846277884, 0.09553333333333333, 
Thread-45, 371, 1, 0, 0.10482510179281235, 0.009082315405209845, 0.1909176845947902, 0.09573333333333334, 
Thread-45, 372, 1, 0, 0.10509401559829712, 0.008393177350362185, 0.19160682264963785, 0.09593333333333334, 
Thread-45, 373, 1, 0, 0.10535582900047302, 0.007775043328603071, 0.19222495667139697, 0.09613333333333333, 
Thread-45, 374, 1, 0, 0.1056126058101654, 0.0072072752316793, 0.19279272476832074, 0.09633333333333334, 
Thread-45, 375, 1, 0, 0.10586464405059814, 0.006686892827351826, 0.1933131071726482, 0.09653333333333333, 
Thread-45, 376, 1, 0, 0.10610944777727127, 0.006238855560620621, 0.19376114443937942, 0.09673333333333334, 
Thread-45, 377, 1, 0, 0.10635051131248474, 0.0058282202084859736, 0.19417177979151407, 0.09693333333333334, 
Thread-45, 378, 1, 0, 0.10658474266529083, 0.005485906680424979, 0.19451409331957506, 0.09713333333333334, 
Thread-45, 379, 1, 0, 0.10681429505348206, 0.005190382798512805, 0.19480961720148723, 0.09733333333333334, 
Thread-45, 380, 1, 0, 0.10703932493925095, 0.0049400839408238195, 0.19505991605917622, 0.09753333333333333, 
Thread-45, 381, 1, 0, 0.10725311934947968, 0.004802139838536584, 0.19519786016146345, 0.09773333333333334, 
Thread-45, 382, 1, 0, 0.10744451731443405, 0.004888160188992741, 0.1951118398110073, 0.09793333333333333, 
Thread-45, 383, 1, 0, 0.10758707672357559, 0.005462566097577393, 0.19453743390242265, 0.09813333333333334, 
Thread-45, 384, 1, 0, 0.10766234993934631, 0.006709833939870236, 0.1932901660601298, 0.09833333333333334, 
Thread-45, 385, 1, 0, 0.10766230523586273, 0.00871028097470597, 0.19128971902529407, 0.09853333333333333, 
Thread-45, 386, 1, 0, 0.10758930444717407, 0.011440288861592623, 0.18855971113840742, 0.09873333333333334, 
Thread-45, 387, 1, 0, 0.10745988041162491, 0.01473452921708418, 0.18526547078291586, 0.09893333333333333, 
Thread-45, 388, 1, 0, 0.1072864755988121, 0.01846857734521229, 0.18153142265478775, 0.09913333333333334, 
Thread-45, 389, 1, 0, 0.10708477348089218, 0.022485598524411565, 0.17751440147558847, 0.09933333333333334, 
Thread-45, 390, 1, 0, 0.10686516016721725, 0.02668173166116075, 0.1733182683388393, 0.09953333333333333, 
Thread-45, 391, 1, 0, 0.10663192719221115, 0.031014061411221844, 0.1689859385887782, 0.09973333333333334, 
Thread-45, 392, 1, 0, 0.10639163851737976, 0.035416948159535666, 0.16458305184046437, 0.09993333333333333, 
Thread-45, 393, 1, 0, 0.1061430498957634, 0.03990283437569936, 0.16009716562430068, 0.10013333333333334, 
Thread-45, 394, 1, 0, 0.10588894784450531, 0.04444385488828029, 0.15555614511171975, 0.10033333333333334, 
Thread-45, 395, 1, 0, 0.10563035309314728, 0.04902980240186053, 0.1509701975981395, 0.10053333333333334, 
Thread-45, 396, 1, 0, 0.10536608099937439, 0.05367252333958947, 0.14632747666041057, 0.10073333333333334, 
Thread-45, 397, 1, 0, 0.1051003560423851, 0.05832977290948227, 0.14167022709051777, 0.10093333333333333, 
Thread-45, 398, 1, 0, 0.1048315167427063, 0.06301816590627035, 0.1369818340937297, 0.10113333333333334, 
Thread-45, 399, 1, 0, 0.10456312447786331, 0.06770208855470014, 0.1322979114452999, 0.10133333333333333, 
Thread-45, 400, 1, 0, 0.10429690778255463, 0.07236425550778705, 0.127635744492213, 0.10153333333333334, 
Thread-45, 401, 1, 0, 0.10403218865394592, 0.07701144679387414, 0.1229885532061259, 0.10173333333333334, 
Thread-45, 402, 1, 0, 0.10377341508865356, 0.08159918244679765, 0.11840081755320239, 0.10193333333333333, 
Thread-45, 403, 1, 0, 0.10351879894733429, 0.08614534385999045, 0.11385465614000959, 0.10213333333333334, 
Thread-45, 404, 1, 0, 0.10327129811048508, 0.0906203522284825, 0.10937964777151754, 0.10233333333333333, 
Thread-45, 405, 1, 0, 0.10303205251693726, 0.09501280816396077, 0.10498719183603927, 0.10253333333333334, 
Thread-45, 406, 1, 0, 0.10279981791973114, 0.09933515413602198, 0.10066484586397806, 0.10273333333333334, 
Thread-45, 407, 1, 0, 0.1025785356760025, 0.10354797657330828, 0.09645202342669176, 0.10293333333333334, 
Thread-45, 408, 1, 0, 0.10236592590808868, 0.10767407425244652, 0.09232592574755352, 0.10313333333333334, 
Thread-45, 409, 1, 0, 0.10216454416513443, 0.11168789168198898, 0.08831210831801106, 0.10333333333333333, 
Thread-45, 410, 1, 0, 0.101975217461586, 0.11558115871747335, 0.08441884128252669, 0.10353333333333334, 
Thread-45, 411, 1, 0, 0.10179631412029266, 0.11937019213040675, 0.08062980786959328, 0.10373333333333334, 
Thread-45, 412, 1, 0, 0.10163135826587677, 0.12301975067456561, 0.07698024932543443, 0.10393333333333334, 
Thread-45, 413, 1, 0, 0.10147787630558014, 0.12655457027753197, 0.07344542972246806, 0.10413333333333334, 
Thread-45, 414, 1, 0, 0.10133814811706543, 0.129951852162679, 0.07004814783732105, 0.10433333333333333, 
Thread-45, 415, 1, 0, 0.10121273994445801, 0.13320593388875326, 0.06679406611124677, 0.10453333333333334, 
Thread-45, 416, 1, 0, 0.10109955817461014, 0.13633775158723188, 0.06366224841276816, 0.10473333333333333, 
Thread-45, 417, 1, 0, 0.1010020449757576, 0.13931288357575733, 0.06068711642424271, 0.10493333333333334, 
Thread-45, 418, 1, 0, 0.10091757029294968, 0.1421576304038366, 0.05784236959616343, 0.10513333333333334, 
Thread-45, 419, 1, 0, 0.10084781795740128, 0.14485515375932054, 0.0551448462406795, 0.10533333333333333, 
Thread-45, 420, 1, 0, 0.10079294443130493, 0.14740388902028403, 0.052596110979716004, 0.10553333333333334, 
Thread-45, 421, 1, 0, 0.1007501408457756, 0.14983192487557723, 0.05016807512442281, 0.10573333333333333, 
Thread-45, 422, 1, 0, 0.10072170943021774, 0.1521162390311559, 0.04788376096884414, 0.10593333333333334, 
Thread-45, 423, 1, 0, 0.10070380568504333, 0.15429527648290003, 0.045704723517100004, 0.10613333333333334, 
Thread-45, 424, 1, 0, 0.10069766640663147, 0.1563566692670186, 0.043643330732981434, 0.10633333333333334, 
Thread-45, 425, 1, 0, 0.10070326179265976, 0.15830071540673576, 0.041699284593264274, 0.10653333333333334, 
Thread-45, 426, 1, 1, 0.10071854293346405, 0.16014790399869278, 0.03985209600130726, 0.10673333333333333, 
Thread-45, 427, 1, 1, 0.10078847408294678, 0.16144859250386556, 0.03855140749613448, 0.10693333333333334, 
Thread-45, 428, 1, 1, 0.10104243457317352, 0.16090898760159802, 0.039091012398402014, 0.10713333333333333, 
Thread-45, 429, 1, 1, 0.1013476625084877, 0.1598567082484563, 0.04014329175154374, 0.10733333333333334, 
Thread-45, 430, 1, 1, 0.10170391947031021, 0.15829413863023126, 0.04170586136976878, 0.10753333333333334, 
Thread-45, 431, 1, 0, 0.10215898603200912, 0.15574347301324204, 0.044256526986758, 0.10773333333333333, 
Thread-45, 432, 1, 0, 0.10255613923072815, 0.15377194102605185, 0.04622805897394819, 0.10793333333333334, 
Thread-45, 433, 1, 0, 0.10287794470787048, 0.15255388625462843, 0.04744611374537161, 0.10813333333333333, 
Thread-45, 434, 1, 0, 0.10316003113985062, 0.15173302193482716, 0.04826697806517288, 0.10833333333333334, 
Thread-45, 435, 1, 0, 0.10342481732368469, 0.15108516009648645, 0.048914839903513585, 0.10853333333333334, 
Thread-45, 436, 1, 0, 0.103682741522789, 0.15050591810544328, 0.04949408189455676, 0.10873333333333333, 
Thread-45, 437, 1, 0, 0.10394363850355148, 0.14989694829781852, 0.05010305170218152, 0.10893333333333334, 
Thread-45, 438, 1, 0, 0.10420742630958557, 0.14925907023747756, 0.05074092976252248, 0.10913333333333333, 
Thread-45, 439, 1, 0, 0.1044774278998375, 0.1485590543349584, 0.05144094566504165, 0.10933333333333334, 
Thread-45, 440, 1, 0, 0.10475426912307739, 0.14779064210255946, 0.05220935789744058, 0.10953333333333334, 
Thread-45, 441, 1, 0, 0.10503561794757843, 0.146977153857549, 0.053022846142451036, 0.10973333333333334, 
Thread-45, 442, 1, 0, 0.10532474517822266, 0.1460858815511068, 0.05391411844889324, 0.10993333333333334, 
Thread-45, 443, 1, 0, 0.1056184470653534, 0.14514886267979935, 0.054851137320200694, 0.11013333333333333, 
Thread-45, 444, 1, 0, 0.10591860115528107, 0.14414732178052267, 0.05585267821947737, 0.11033333333333334, 
Thread-45, 445, 1, 0, 0.10622527450323105, 0.14308058830102277, 0.05691941169897727, 0.11053333333333333, 
Thread-45, 446, 1, 0, 0.10653577744960785, 0.14197555883725482, 0.058024441162745216, 0.11073333333333334, 
Thread-45, 447, 1, 0, 0.10685326159000397, 0.1408007174332937, 0.05919928256670634, 0.11093333333333334, 
Thread-45, 448, 1, 0, 0.10717421025037766, 0.13959123082955674, 0.0604087691704433, 0.11113333333333333, 
Thread-45, 449, 1, 0, 0.10750024020671844, 0.1383309312661489, 0.06166906873385114, 0.11133333333333334, 
Thread-45, 450, 1, 0, 0.10783136636018753, 0.13701966973145796, 0.06298033026854208, 0.11153333333333333, 
Thread-45, 451, 1, 0, 0.10816475749015808, 0.1356857584317525, 0.06431424156824753, 0.11173333333333334, 
Thread-45, 452, 1, 0, 0.10850336402654648, 0.1342996930678686, 0.06570030693213144, 0.11193333333333334, 
Thread-45, 453, 1, 0, 0.10884363204240799, 0.1328970129092534, 0.06710298709074664, 0.11213333333333333, 
Thread-45, 454, 1, 0, 0.10918473452329636, 0.1314859881003698, 0.06851401189963024, 0.11233333333333334, 
Thread-45, 455, 1, 0, 0.109514981508255, 0.13018351825078323, 0.06981648174921681, 0.11253333333333333, 
Thread-45, 456, 1, 0, 0.10980904847383499, 0.12924284859498342, 0.07075715140501662, 0.11273333333333334, 
Thread-45, 457, 1, 0, 0.1100451722741127, 0.12888161059220637, 0.07111838940779366, 0.11293333333333334, 
Thread-45, 458, 1, 0, 0.11020535230636597, 0.12927981026967364, 0.0707201897303264, 0.11313333333333334, 
Thread-45, 459, 1, 0, 0.11029052734375, 0.13042805989583336, 0.06957194010416667, 0.11333333333333334, 
Thread-45, 460, 1, 0, 0.11031104624271393, 0.132222870906194, 0.06777712909380604, 0.11353333333333333, 
Thread-45, 461, 1, 1, 0.11027966439723969, 0.1345366893609365, 0.06546331063906355, 0.11373333333333334, 
Thread-45, 462, 1, 1, 0.11045876145362854, 0.13474571879704786, 0.06525428120295218, 0.11393333333333333, 
Thread-45, 463, 1, 1, 0.11061739176511765, 0.13515941568215686, 0.06484058431784318, 0.11413333333333334, 
Thread-45, 464, 1, 1, 0.11085109412670135, 0.13482239206631982, 0.06517760793368021, 0.11433333333333334, 
Thread-45, 465, 1, 1, 0.11112292855978012, 0.13410404773553208, 0.06589595226446796, 0.11453333333333333, 
Thread-45, 466, 1, 1, 0.11135368049144745, 0.13379652841885886, 0.06620347158114118, 0.11473333333333334, 
Thread-45, 467, 1, 1, 0.11171197891235352, 0.1322135442097981, 0.06778645579020193, 0.11493333333333333, 
Thread-45, 468, 1, 1, 0.11197590827941895, 0.13157425053914373, 0.06842574946085617, 0.11513333333333334, 
Thread-45, 469, 1, 1, 0.11241523921489716, 0.12918094118436196, 0.07081905881563821, 0.11533333333333334, 
Thread-45, 470, 1, 1, 0.11278104782104492, 0.12752285512288408, 0.07247714487711596, 0.11553333333333334, 
Thread-45, 471, 1, 1, 0.11322181671857834, 0.12511516614754997, 0.07488483385245007, 0.11573333333333334, 
Thread-45, 472, 1, 1, 0.11370239406824112, 0.12230939265092222, 0.07769060734907796, 0.11593333333333333, 
Thread-45, 473, 1, 1, 0.11412228643894196, 0.12011046894391364, 0.07988953105608626, 0.11613333333333334, 
Thread-45, 474, 1, 1, 0.11471115052700043, 0.11622182806332926, 0.08377817193667092, 0.11633333333333334, 
Thread-45, 475, 1, 1, 0.11516977101564407, 0.11363562317689258, 0.08636437682310746, 0.11653333333333334, 
Thread-45, 476, 1, 0, 0.11581555008888245, 0.1091778324445089, 0.09082216755549113, 0.11673333333333334, 
Thread-45, 477, 1, 0, 0.11633045971393585, 0.1060287361939749, 0.09397126380602527, 0.11693333333333333, 
Thread-45, 478, 1, 0, 0.11669671535491943, 0.10436617978413887, 0.09563382021586103, 0.11713333333333334, 
Thread-45, 479, 1, 0, 0.11697187274694443, 0.10361460586388899, 0.09638539413611105, 0.11733333333333333, 
Thread-45, 480, 1, 0, 0.11719311773777008, 0.10340215595563251, 0.09659784404436753, 0.11753333333333334, 
Thread-45, 481, 1, 0, 0.11737959086894989, 0.10353742464383447, 0.09646257535616556, 0.11773333333333334, 
Thread-45, 482, 1, 0, 0.11754672974348068, 0.10386603589852661, 0.09613396410147357, 0.11793333333333333, 
Thread-45, 483, 1, 0, 0.11769752204418182, 0.10435811289151498, 0.09564188710848492, 0.11813333333333334, 
Thread-45, 484, 1, 0, 0.11783743649721146, 0.10495896836121871, 0.09504103163878133, 0.11833333333333333, 
Thread-45, 485, 1, 0, 0.1179688572883606, 0.10564476044972737, 0.09435523955027267, 0.11853333333333334, 
Thread-45, 486, 1, 0, 0.11809074133634567, 0.10642591996987666, 0.09357408003012338, 0.11873333333333334, 
Thread-45, 487, 1, 0, 0.11820799857378006, 0.10725334759553284, 0.09274665240446733, 0.11893333333333334, 
Thread-45, 488, 1, 0, 0.11831849813461304, 0.10814835198720285, 0.09185164801279705, 0.11913333333333334, 
Thread-45, 489, 1, 0, 0.1184256374835968, 0.10907695849736526, 0.09092304150263478, 0.11933333333333333, 
Thread-45, 490, 1, 0, 0.11853085458278656, 0.11002478750546774, 0.0899752124945323, 0.11953333333333334, 
Thread-45, 491, 1, 0, 0.11863262206315994, 0.11100711270173369, 0.08899288729826621, 0.11973333333333333, 
Thread-45, 492, 1, 0, 0.11873551458120346, 0.11197818752129884, 0.08802181247870133, 0.11993333333333334, 
Thread-45, 493, 1, 0, 0.11883698403835297, 0.11296349294980357, 0.08703650705019633, 0.12013333333333334, 
Thread-45, 494, 1, 0, 0.11894003301858902, 0.11393300314744309, 0.08606699685255695, 0.12033333333333333, 
Thread-45, 495, 1, 0, 0.11904565989971161, 0.11487673433621726, 0.08512326566378278, 0.12053333333333334, 
Thread-45, 496, 1, 0, 0.1191517561674118, 0.11581577165921508, 0.08418422834078482, 0.12073333333333333, 
Thread-45, 497, 1, 0, 0.11926254630088806, 0.11670787032445284, 0.08329212967554733, 0.12093333333333334, 
Thread-45, 498, 1, 0, 0.11937528103590012, 0.11758052297433208, 0.08241947702566782, 0.12113333333333334, 
Thread-45, 499, 1, 0, 0.1194925531744957, 0.11840780158837633, 0.08159219841162371, 0.12133333333333333, 
Thread-45, 500, 1, 0, 0.11961448192596436, 0.1191885140736898, 0.08081148592631024, 0.12153333333333334, 
Thread-45, 501, 1, 0, 0.11973822116851807, 0.11995112164815247, 0.08004887835184743, 0.12173333333333333, 
Thread-45, 502, 1, 0, 0.11986695975065231, 0.12066373582681034, 0.07933626417318984, 0.12193333333333334, 
Thread-45, 503, 1, 0, 0.11999715864658356, 0.12136174686749768, 0.07863825313250222, 0.12213333333333334, 
Thread-45, 504, 1, 0, 0.12013093382120132, 0.12202399512132006, 0.07797600487867998, 0.12233333333333334, 
Thread-45, 505, 1, 0, 0.12026895582675934, 0.12264377506573998, 0.07735622493426006, 0.12253333333333334, 
Thread-45, 506, 1, 0, 0.1204090267419815, 0.12324306591351808, 0.07675693408648182, 0.12273333333333333, 
Thread-45, 507, 1, 0, 0.12055535614490509, 0.12377977188428257, 0.0762202281157176, 0.12293333333333334, 
Thread-45, 508, 1, 0, 0.12070505321025848, 0.12428280123074842, 0.07571719876925162, 0.12313333333333333, 
Thread-45, 509, 1, 0, 0.12086065858602524, 0.12472674747308093, 0.0752732525269191, 0.12333333333333334, 
Thread-45, 510, 1, 0, 0.1210227757692337, 0.12510557564099634, 0.0748944243590037, 0.12353333333333334, 
Thread-45, 511, 1, 1, 0.12118897587060928, 0.12544357462724032, 0.07455642537275958, 0.12373333333333333, 
Thread-45, 512, 1, 1, 0.12139026820659637, 0.12543065126736974, 0.07456934873263044, 0.12393333333333334, 
Thread-45, 513, 1, 1, 0.12187590450048447, 0.1225742883284886, 0.07742571167151144, 0.12413333333333333, 
Thread-45, 514, 1, 1, 0.12241189181804657, 0.11921441515286763, 0.08078558484713241, 0.12433333333333334, 
Thread-45, 515, 1, 1, 0.123006172478199, 0.11527160855134333, 0.08472839144865671, 0.12453333333333334, 
Thread-45, 516, 1, 0, 0.12374771386384964, 0.10985619469483676, 0.09014380530516314, 0.12473333333333333, 
Thread-45, 517, 1, 0, 0.12435480207204819, 0.10578531261285162, 0.09421468738714855, 0.12493333333333334, 
Thread-45, 518, 1, 0, 0.12484827637672424, 0.10285056956609084, 0.0971494304339092, 0.12513333333333332, 
Thread-45, 519, 1, 0, 0.125279039144516, 0.10054294188817342, 0.09945705811182662, 0.12533333333333332, 
Thread-45, 520, 1, 0, 0.12567830085754395, 0.09855032475789394, 0.1014496752421061, 0.12553333333333333, 
Thread-45, 521, 1, 0, 0.1260601133108139, 0.09673220022519413, 0.10326779977480577, 0.12573333333333334, 
Thread-45, 522, 1, 0, 0.12643641233444214, 0.09496920998891212, 0.10503079001108806, 0.12593333333333334, 
Thread-45, 523, 1, 0, 0.12680749595165253, 0.09325837381680802, 0.10674162618319202, 0.12613333333333332, 
Thread-45, 524, 1, 0, 0.12717679142951965, 0.09156541903813681, 0.10843458096186323, 0.12633333333333333, 
Thread-45, 525, 1, 0, 0.1275450438261032, 0.0898828950723013, 0.11011710492769888, 0.12653333333333333, 
Thread-45, 526, 1, 0, 0.12790963053703308, 0.08823702796300237, 0.11176297203699753, 0.12673333333333334, 
Thread-45, 527, 1, 0, 0.12827466428279877, 0.08658669050534584, 0.11341330949465434, 0.12693333333333334, 
Thread-45, 528, 1, 0, 0.1286367028951645, 0.0849663043816884, 0.11503369561831164, 0.12713333333333332, 
Thread-45, 529, 1, 0, 0.1289978176355362, 0.08335515697797141, 0.11664484302202863, 0.12733333333333333, 
Thread-45, 530, 1, 0, 0.12935850024223328, 0.08174833091100064, 0.11825166908899953, 0.12753333333333333, 
Thread-45, 531, 1, 0, 0.1297159343957901, 0.08017398937543219, 0.11982601062456771, 0.12773333333333334, 
Thread-45, 532, 1, 0, 0.130073681473732, 0.07859651859601358, 0.1214034814039866, 0.12793333333333334, 
Thread-45, 533, 1, 0, 0.13042810559272766, 0.07705227740605669, 0.12294772259394335, 0.12813333333333332, 
Thread-45, 534, 1, 0, 0.13078106939792633, 0.07552263935407005, 0.12447736064592999, 0.12833333333333333, 
Thread-45, 535, 1, 0, 0.13113269209861755, 0.07400641234715788, 0.1259935876528423, 0.12853333333333333, 
Thread-45, 536, 1, 0, 0.13147997856140137, 0.07253354771931952, 0.12746645228068038, 0.12873333333333334, 
Thread-45, 537, 1, 0, 0.13182666897773743, 0.07106664355595899, 0.12893335644404105, 0.12893333333333332, 
Thread-45, 538, 1, 0, 0.1321689337491989, 0.06964399584134418, 0.13035600415865586, 0.12913333333333332, 
Thread-45, 539, 1, 0, 0.1325087994337082, 0.06824533899625146, 0.13175466100374858, 0.12933333333333333, 
Thread-45, 540, 1, 0, 0.13284650444984436, 0.06686828883488982, 0.13313171116511036, 0.12953333333333333, 
Thread-45, 541, 1, 0, 0.13317881524562836, 0.06554518087704964, 0.13445481912295026, 0.12973333333333334, 
Thread-45, 542, 1, 0, 0.13350948691368103, 0.06423846419652296, 0.13576153580347708, 0.12993333333333332, 
Thread-45, 543, 1, 0, 0.13383452594280243, 0.06298807390530903, 0.137011926094691, 0.13013333333333332, 
Thread-45, 544, 1, 0, 0.1341560333967209, 0.061772999366124515, 0.13822700063387552, 0.13033333333333333, 
Thread-45, 545, 1, 0, 0.13447415828704834, 0.060591750462850036, 0.13940824953715014, 0.13053333333333333, 
Thread-45, 546, 1, 0, 0.13478532433509827, 0.05948008998235055, 0.14051991001764935, 0.13073333333333334, 
Thread-45, 547, 1, 0, 0.13508714735507965, 0.05846185978253676, 0.14153814021746328, 0.13093333333333332, 
Thread-45, 548, 1, 0, 0.13535372912883759, 0.057796042044957474, 0.14220395795504256, 0.13113333333333332, 
Thread-45, 549, 1, 0, 0.13555298745632172, 0.05780345877011622, 0.14219654122988382, 0.13133333333333333, 
Thread-45, 550, 1, 0, 0.13565514981746674, 0.058781835158666085, 0.1412181648413341, 0.13153333333333334, 
Thread-45, 551, 1, 0, 0.13564445078372955, 0.06088882549603769, 0.1391111745039622, 0.13173333333333334, 
Thread-45, 552, 1, 0, 0.13553093373775482, 0.06402399595578506, 0.13597600404421498, 0.13193333333333332, 
Thread-45, 553, 1, 0, 0.1353294849395752, 0.06803848393758138, 0.13196151606241865, 0.13213333333333332, 
Thread-45, 554, 1, 0, 0.13506510853767395, 0.07268224795659362, 0.12731775204340628, 0.13233333333333333, 
Thread-45, 555, 1, 0, 0.13475854694843292, 0.07774786384900423, 0.12225213615099595, 0.13253333333333334, 
Thread-45, 556, 1, 0, 0.13442258536815643, 0.0831074796517689, 0.116892520348231, 0.13273333333333334, 
Thread-45, 557, 1, 0, 0.13407085835933685, 0.08862474973996476, 0.11137525026003528, 0.13293333333333332, 
Thread-45, 558, 1, 0, 0.13370530307292938, 0.09428030260403952, 0.10571969739596052, 0.13313333333333333, 
Thread-45, 559, 1, 0, 0.13333068788051605, 0.1000264545281726, 0.0999735454718273, 0.13333333333333333, 
Thread-45, 560, 1, 0, 0.13294857740402222, 0.10584755929311129, 0.09415244070688888, 0.13353333333333334, 
Thread-45, 561, 1, 0, 0.1325569897890091, 0.1117634354432423, 0.0882365645567576, 0.13373333333333334, 
Thread-45, 562, 1, 0, 0.1321616917848587, 0.11771641548474626, 0.08228358451525378, 0.13393333333333332, 
Thread-45, 563, 1, 0, 0.1317613571882248, 0.12371976145108543, 0.07628023854891461, 0.13413333333333333, 
Thread-45, 564, 1, 0, 0.13136152923107147, 0.1297180410226184, 0.07028195897738149, 0.13433333333333333, 
Thread-45, 565, 1, 0, 0.13096581399440765, 0.13567519338925693, 0.06432480661074325, 0.13453333333333334, 
Thread-45, 566, 1, 0, 0.13057483732700348, 0.14158496006329846, 0.05841503993670144, 0.13473333333333334, 
Thread-45, 567, 1, 0, 0.13019491732120514, 0.14738416012128192, 0.052615839878718124, 0.13493333333333332, 
Thread-45, 568, 1, 0, 0.12982451915740967, 0.15308814175923668, 0.046911858240763216, 0.13513333333333333, 
Thread-45, 569, 1, 0, 0.12946702539920807, 0.15866307934125246, 0.041336920658747445, 0.13533333333333333, 
Thread-45, 570, 1, 0, 0.1291235387325287, 0.1640979460080466, 0.035902053991953564, 0.13553333333333334, 
Thread-45, 571, 1, 0, 0.1287918984889984, 0.16941434844334913, 0.030585651556650773, 0.13573333333333332, 
Thread-45, 572, 1, 0, 0.12847618758678436, 0.1745714574654897, 0.025428542534510212, 0.13593333333333332, 
Thread-45, 573, 1, 0, 0.12817317247390747, 0.17960160859425867, 0.020398391405741234, 0.13613333333333333, 
Thread-45, 574, 1, 0, 0.12788553535938263, 0.18447797973950686, 0.015522020260493041, 0.13633333333333333, 
Thread-45, 575, 1, 0, 0.12761394679546356, 0.18919386537869787, 0.01080613462130231, 0.13653333333333334, 
Thread-45, 576, 1, 1, 0.12735603749752045, 0.1937729583581288, 0.0062270416418711005, 0.13673333333333332, 
Thread-45, 577, 1, 1, 0.12747029960155487, 0.19463033731778462, 0.0053696626822152815, 0.13693333333333332, 
Thread-45, 578, 1, 1, 0.12756839394569397, 0.19564939387639368, 0.0043506061236062155, 0.13713333333333333, 
Thread-45, 579, 1, 1, 0.12780912220478058, 0.19524211128552738, 0.004757888714472525, 0.13733333333333334, 
Thread-45, 580, 1, 1, 0.128127783536911, 0.1940554979642234, 0.005944502035776789, 0.13753333333333334, 
Thread-45, 581, 1, 1, 0.12839749455451965, 0.19335838778813674, 0.006641612211863157, 0.13773333333333332, 
Thread-45, 582, 1, 1, 0.12889812886714935, 0.1903520446618398, 0.009647955338160097, 0.13793333333333332, 
Thread-45, 583, 1, 1, 0.12924961745738983, 0.18883715875943508, 0.011162841240564825, 0.13813333333333333, 
Thread-45, 584, 1, 1, 0.12987080216407776, 0.18462531169255558, 0.015374688307444317, 0.13833333333333334, 
Thread-45, 585, 1, 1, 0.13039100170135498, 0.1814233163197837, 0.018576683680216477, 0.13853333333333334, 
Thread-45, 586, 1, 0, 0.13102981448173523, 0.177035188515981, 0.02296481148401891, 0.13873333333333332, 
Thread-45, 587, 1, 0, 0.13172197341918945, 0.1721135991414388, 0.02788640085856109, 0.13893333333333333, 
Thread-45, 588, 1, 0, 0.13222883641719818, 0.1690449691613516, 0.03095503083864859, 0.13913333333333333, 
Thread-45, 589, 1, 0, 0.13262632489204407, 0.1670700844128925, 0.032929915587107395, 0.13933333333333334, 
Thread-45, 590, 1, 0, 0.1329668015241623, 0.1656653180917106, 0.03433468190828959, 0.13953333333333334, 
Thread-45, 591, 1, 1, 0.1332773119211197, 0.1645602141221364, 0.035439785877863506, 0.13973333333333332, 
Thread-45, 592, 1, 1, 0.1336073875427246, 0.16325945790608726, 0.03674054209391264, 0.13993333333333333, 
Thread-45, 593, 1, 1, 0.13428112864494324, 0.15852204688390104, 0.04147795311609914, 0.14013333333333333, 
Thread-45, 594, 1, 1, 0.1350032538175583, 0.1533007951577503, 0.0466992048422496, 0.14033333333333334, 
Thread-45, 595, 1, 1, 0.1357877105474472, 0.14745622785886148, 0.0525437721411387, 0.14053333333333334, 
Thread-45, 596, 1, 0, 0.13674519956111908, 0.1398813377221425, 0.06011866227785739, 0.14073333333333332, 
Thread-45, 597, 1, 0, 0.1375136524438858, 0.13419680889447533, 0.06580319110552457, 0.14093333333333333, 
Thread-45, 598, 1, 0, 0.13814093172550201, 0.12992401607831328, 0.0700759839216869, 0.14113333333333333, 
Thread-45, 599, 1, 0, 0.13869087398052216, 0.12642459352811164, 0.07357540647188826, 0.14133333333333334, 
Thread-45, 600, 0, 0, 0.13920167088508606, 0.12331662448247266, 0.07668337551752724, 0.14153333333333332, 
