Thread-52, 0, 1, 1, 0.02078699693083763, 0.10113003069162368, 0.09886996930837631, 0.020900000000000002, 
Thread-52, 1, 1, 1, 0.02095179073512554, 0.10248209264874457, 0.09751790735125541, 0.0212, 
Thread-52, 2, 1, 1, 0.021135391667485237, 0.10364608332514763, 0.09635391667485238, 0.021500000000000002, 
Thread-52, 3, 1, 1, 0.021310823038220406, 0.10489176961779596, 0.09510823038220406, 0.0218, 
Thread-52, 4, 1, 1, 0.021485816687345505, 0.10614183312654492, 0.09385816687345505, 0.0221, 
Thread-52, 5, 1, 1, 0.021684015169739723, 0.10715984830260275, 0.09284015169739723, 0.0224, 
Thread-52, 6, 1, 1, 0.021857095882296562, 0.10842904117703438, 0.09157095882296562, 0.0227, 
Thread-52, 7, 1, 1, 0.022085953503847122, 0.1091404649615288, 0.09085953503847122, 0.023, 
Thread-52, 8, 1, 1, 0.022288121283054352, 0.11011878716945644, 0.08988121283054352, 0.0233, 
Thread-52, 9, 1, 1, 0.022521724924445152, 0.11078275075554846, 0.08921724924445151, 0.0236, 
Thread-52, 10, 1, 1, 0.022754168137907982, 0.11145831862092018, 0.08854168137907983, 0.0239, 
Thread-52, 11, 1, 1, 0.022989943623542786, 0.11210056376457216, 0.08789943623542784, 0.0242, 
Thread-52, 12, 1, 1, 0.023253560066223145, 0.11246439933776851, 0.08753560066223146, 0.0245, 
Thread-52, 13, 1, 1, 0.023489756509661674, 0.11310243490338323, 0.08689756509661674, 0.0248, 
Thread-52, 14, 1, 1, 0.02377600036561489, 0.11323999634385108, 0.0867600036561489, 0.0251, 
Thread-52, 15, 1, 1, 0.02403484284877777, 0.1136515715122223, 0.08634842848777771, 0.0254, 
Thread-52, 16, 1, 2, 0.02431824617087841, 0.11381753829121585, 0.08618246170878412, 0.0257, 
Thread-52, 17, 1, 2, 0.024595342576503754, 0.11404657423496244, 0.08595342576503753, 0.026000000000000002, 
Thread-52, 18, 1, 2, 0.024821661412715912, 0.11478338587284087, 0.0852166141271591, 0.0263, 
Thread-52, 19, 1, 2, 0.024991702288389206, 0.11608297711610795, 0.08391702288389205, 0.0266, 
Thread-52, 20, 1, 2, 0.025164198130369186, 0.11735801869630816, 0.08264198130369188, 0.0269, 
Thread-52, 21, 1, 1, 0.025265943259000778, 0.11934056740999219, 0.08065943259000778, 0.027200000000000002, 
Thread-52, 22, 1, 1, 0.025391507893800735, 0.12108492106199263, 0.07891507893800734, 0.0275, 
Thread-52, 23, 1, 1, 0.025584295392036438, 0.12215704607963562, 0.07784295392036439, 0.0278, 
Thread-52, 24, 1, 1, 0.02579951286315918, 0.12300487136840815, 0.07699512863159182, 0.0281, 
Thread-52, 25, 1, 1, 0.026031047105789185, 0.12368952894210812, 0.07631047105789185, 0.0284, 
Thread-52, 26, 1, 1, 0.02629433386027813, 0.12405666139721869, 0.07594333860278128, 0.0287, 
Thread-52, 27, 1, 1, 0.026537369936704636, 0.12462630063295364, 0.07537369936704635, 0.028999999999999998, 
Thread-52, 28, 1, 1, 0.02683798409998417, 0.12462015900015833, 0.07537984099984171, 0.0293, 
Thread-52, 29, 1, 1, 0.027111263945698738, 0.12488736054301258, 0.07511263945698739, 0.0296, 
Thread-52, 30, 1, 1, 0.027417238801717758, 0.1248276119828224, 0.07517238801717757, 0.029900000000000003, 
Thread-52, 31, 1, 1, 0.027721146121621132, 0.12478853878378868, 0.07521146121621129, 0.0302, 
Thread-52, 32, 1, 1, 0.02802971377968788, 0.1247028622031212, 0.0752971377968788, 0.0305, 
Thread-52, 33, 1, 1, 0.028366439044475555, 0.12433560955524448, 0.07566439044475556, 0.0308, 
Thread-52, 34, 1, 1, 0.028675448149442673, 0.12424551850557325, 0.07575448149442672, 0.031100000000000003, 
Thread-52, 35, 1, 1, 0.029047898948192596, 0.12352101051807403, 0.07647898948192594, 0.0314, 
Thread-52, 36, 1, 1, 0.029388492926955223, 0.12311507073044778, 0.07688492926955223, 0.0317, 
Thread-52, 37, 1, 1, 0.02976539544761181, 0.12234604552388187, 0.0776539544761181, 0.032, 
Thread-52, 38, 1, 1, 0.030139829963445663, 0.12160170036554334, 0.07839829963445663, 0.0323, 
Thread-52, 39, 1, 1, 0.030518775805830956, 0.12081224194169043, 0.07918775805830953, 0.032600000000000004, 
Thread-52, 40, 1, 1, 0.030929764732718468, 0.11970235267281533, 0.08029764732718467, 0.0329, 
Thread-52, 41, 1, 1, 0.03130866587162018, 0.11891334128379824, 0.0810866587162018, 0.0332, 
Thread-52, 42, 1, 1, 0.031758781522512436, 0.11741218477487561, 0.08258781522512436, 0.0335, 
Thread-52, 43, 1, 1, 0.03217282146215439, 0.1162717853784561, 0.08372821462154387, 0.0338, 
Thread-52, 44, 1, 1, 0.032617464661598206, 0.11482535338401795, 0.08517464661598206, 0.0341, 
Thread-52, 45, 1, 1, 0.033057305961847305, 0.1134269403815269, 0.08657305961847307, 0.0344, 
Thread-52, 46, 1, 2, 0.033494509756565094, 0.11205490243434903, 0.08794509756565094, 0.0347, 
Thread-52, 47, 1, 2, 0.03395358845591545, 0.11046411544084547, 0.0895358845591545, 0.035, 
Thread-52, 48, 1, 2, 0.03437767177820206, 0.10922328221797943, 0.09077671778202057, 0.0353, 
Thread-52, 49, 1, 2, 0.03469981625676155, 0.10900183743238451, 0.09099816256761553, 0.0356, 
Thread-52, 50, 1, 2, 0.03502243012189865, 0.10877569878101345, 0.09122430121898652, 0.0359, 
Thread-52, 51, 1, 1, 0.03528529405593872, 0.10914705944061277, 0.0908529405593872, 0.036199999999999996, 
Thread-52, 52, 1, 1, 0.03553897514939308, 0.10961024850606918, 0.09038975149393079, 0.036500000000000005, 
Thread-52, 53, 1, 1, 0.035844799131155014, 0.1095520086884498, 0.09044799131155017, 0.0368, 
Thread-52, 54, 1, 1, 0.03621407225728035, 0.10885927742719653, 0.0911407225728035, 0.0371, 
Thread-52, 55, 1, 1, 0.03656977042555809, 0.10830229574441907, 0.0916977042555809, 0.0374, 
Thread-52, 56, 1, 1, 0.03699326887726784, 0.10706731122732162, 0.09293268877267835, 0.0377, 
Thread-52, 57, 1, 1, 0.03738836199045181, 0.10611638009548188, 0.09388361990451816, 0.038, 
Thread-52, 58, 1, 1, 0.03781760856509209, 0.10482391434907909, 0.09517608565092088, 0.0383, 
Thread-52, 59, 1, 1, 0.03828856721520424, 0.10311432784795758, 0.09688567215204238, 0.038599999999999995, 
Thread-52, 60, 1, 1, 0.038792870938777924, 0.10107129061222075, 0.09892870938777922, 0.038900000000000004, 
Thread-52, 61, 1, 2, 0.039323654025793076, 0.09876345974206918, 0.10123654025793079, 0.0392, 
Thread-52, 62, 1, 2, 0.03987857699394226, 0.09621423006057742, 0.10378576993942262, 0.0395, 
Thread-52, 63, 1, 2, 0.040281109511852264, 0.09518890488147733, 0.10481109511852264, 0.0398, 
Thread-52, 64, 1, 2, 0.04058566316962242, 0.09514336830377577, 0.1048566316962242, 0.0401, 
Thread-52, 65, 1, 2, 0.040820978581905365, 0.09579021418094635, 0.10420978581905362, 0.040400000000000005, 
Thread-52, 66, 1, 1, 0.04105238988995552, 0.09647610110044474, 0.10352389889955523, 0.0407, 
Thread-52, 67, 1, 1, 0.04134443402290344, 0.09655565977096561, 0.10344434022903443, 0.041, 
Thread-52, 68, 1, 1, 0.04170628637075424, 0.09593713629245756, 0.1040628637075424, 0.0413, 
Thread-52, 69, 1, 1, 0.04205714911222458, 0.09542850887775421, 0.10457149112224576, 0.0416, 
Thread-52, 70, 1, 1, 0.04249085485935211, 0.0940914514064789, 0.10590854859352114, 0.0419, 
Thread-52, 71, 1, 2, 0.04297284036874771, 0.09227159631252285, 0.10772840368747712, 0.0422, 
Thread-52, 72, 1, 2, 0.04335141181945801, 0.0914858818054199, 0.10851411819458007, 0.042499999999999996, 
Thread-52, 73, 1, 2, 0.04362080246210098, 0.09179197537899017, 0.1082080246210098, 0.042800000000000005, 
Thread-52, 74, 1, 2, 0.043813228607177734, 0.0928677139282226, 0.10713228607177737, 0.0431, 
Thread-52, 75, 1, 2, 0.043968070298433304, 0.09431929701566699, 0.10568070298433305, 0.0434, 
Thread-52, 76, 1, 0, 0.04415404796600342, 0.0954595203399658, 0.10454047966003417, 0.0437, 
Thread-52, 77, 1, 0, 0.04426560550928116, 0.09734394490718841, 0.10265605509281156, 0.044, 
Thread-52, 78, 1, 0, 0.04441331326961517, 0.09886686730384828, 0.10113313269615176, 0.0443, 
Thread-52, 79, 1, 0, 0.04458537697792053, 0.10014623022079464, 0.09985376977920533, 0.0446, 
Thread-52, 80, 1, 0, 0.044770821928977966, 0.10129178071022031, 0.09870821928977966, 0.044899999999999995, 
Thread-52, 81, 1, 2, 0.04496113210916519, 0.10238867890834807, 0.0976113210916519, 0.045200000000000004, 
Thread-52, 82, 1, 2, 0.04515000805258751, 0.10349991947412485, 0.09650008052587512, 0.0455, 
Thread-52, 83, 1, 2, 0.045268502086400986, 0.10531497913599017, 0.09468502086400987, 0.0458, 
Thread-52, 84, 1, 2, 0.045370493084192276, 0.10729506915807721, 0.09270493084192276, 0.0461, 
Thread-52, 85, 1, 2, 0.04545056074857712, 0.10949439251422881, 0.09050560748577116, 0.0464, 
Thread-52, 86, 1, 0, 0.04548030346632004, 0.11219696533679963, 0.08780303466320034, 0.046700000000000005, 
Thread-52, 87, 1, 0, 0.04554174095392227, 0.11458259046077723, 0.08541740953922274, 0.047, 
Thread-52, 88, 1, 0, 0.04562600702047348, 0.11673992979526523, 0.0832600702047348, 0.0473, 
Thread-52, 89, 1, 0, 0.045707155019044876, 0.11842844980955128, 0.08157155019044876, 0.04755, 
Thread-52, 90, 1, 0, 0.04581110551953316, 0.12038894480466841, 0.07961105519533156, 0.047850000000000004, 
Thread-52, 91, 1, 1, 0.045918069779872894, 0.12231930220127106, 0.07768069779872891, 0.04815, 
Thread-52, 92, 1, 1, 0.04612331837415695, 0.1232668162584305, 0.07673318374156954, 0.04845, 
Thread-52, 93, 1, 1, 0.04632219299674034, 0.12427807003259655, 0.07572192996740341, 0.04875, 
Thread-52, 94, 1, 1, 0.04655110836029053, 0.12498891639709471, 0.07501108360290526, 0.049049999999999996, 
Thread-52, 95, 1, 1, 0.04679693654179573, 0.1255306345820427, 0.07446936541795728, 0.049350000000000005, 
Thread-52, 96, 1, 1, 0.04702790454030037, 0.12622095459699625, 0.07377904540300372, 0.04965, 
Thread-52, 97, 1, 1, 0.04731420427560806, 0.1263579572439194, 0.07364204275608063, 0.04995, 
Thread-52, 98, 1, 1, 0.0475611537694931, 0.12688846230506895, 0.07311153769493102, 0.05025, 
Thread-52, 99, 1, 1, 0.04786812514066696, 0.12681874859333037, 0.07318125140666959, 0.05055, 
Thread-52, 100, 1, 1, 0.048150695860385895, 0.12699304139614107, 0.07300695860385897, 0.05085, 
Thread-52, 101, 1, 2, 0.04845590889453888, 0.12694091105461117, 0.0730590889453888, 0.05115, 
Thread-52, 102, 1, 2, 0.048734623938798904, 0.12715376061201095, 0.07284623938798904, 0.051449999999999996, 
Thread-52, 103, 1, 2, 0.04889119416475296, 0.1285880583524704, 0.07141194164752958, 0.051750000000000004, 
Thread-52, 104, 1, 2, 0.04896380007266998, 0.13086199927330017, 0.06913800072669979, 0.05205, 
Thread-52, 105, 1, 2, 0.04905983805656433, 0.13290161943435663, 0.06709838056564332, 0.052349999999999994, 
Thread-52, 106, 1, 0, 0.04908657446503639, 0.13563425534963605, 0.06436574465036392, 0.05265, 
Thread-52, 107, 1, 0, 0.04913489893078804, 0.13815101069211966, 0.06184898930788038, 0.05295, 
Thread-52, 108, 1, 0, 0.049211252480745316, 0.14038747519254685, 0.05961252480745312, 0.053250000000000006, 
Thread-52, 109, 1, 0, 0.049306221306324005, 0.1424377869367599, 0.05756221306324, 0.05355, 
Thread-52, 110, 1, 0, 0.04941064864397049, 0.144393513560295, 0.055606486439704894, 0.053849999999999995, 
Thread-52, 111, 1, 1, 0.04951947182416916, 0.1463052817583084, 0.05369471824169157, 0.054150000000000004, 
Thread-52, 112, 1, 1, 0.049634769558906555, 0.14815230441093452, 0.05184769558906552, 0.05445, 
Thread-52, 113, 1, 1, 0.04982390254735947, 0.14926097452640535, 0.050739025473594615, 0.05475000000000001, 
Thread-52, 114, 1, 1, 0.05008494853973389, 0.1496505146026611, 0.05034948539733887, 0.05505, 
Thread-52, 115, 1, 1, 0.05039774999022484, 0.14952250009775153, 0.05047749990224837, 0.055349999999999996, 
Thread-52, 116, 1, 1, 0.05074942111968994, 0.1490057888031006, 0.05099421119689938, 0.055650000000000005, 
Thread-52, 117, 1, 1, 0.05113358795642853, 0.1481641204357148, 0.05183587956428523, 0.05595, 
Thread-52, 118, 1, 1, 0.05156635120511055, 0.14683648794889453, 0.053163512051105505, 0.056249999999999994, 
Thread-52, 119, 1, 1, 0.05197617784142494, 0.14573822158575056, 0.05426177841424941, 0.05655, 
Thread-52, 120, 1, 1, 0.05241383984684944, 0.1443616015315055, 0.05563839846849439, 0.05685, 
Thread-52, 121, 1, 0, 0.05285455286502838, 0.1429544713497162, 0.05704552865028377, 0.057150000000000006, 
Thread-52, 122, 1, 0, 0.053261980414390564, 0.14188019585609432, 0.05811980414390565, 0.05745, 
Thread-52, 123, 1, 0, 0.05361760035157204, 0.14132399648427968, 0.05867600351572036, 0.057749999999999996, 
Thread-52, 124, 1, 0, 0.05394154414534569, 0.14108455854654312, 0.058915441453456854, 0.058050000000000004, 
Thread-52, 125, 1, 0, 0.05424471199512482, 0.14105288004875177, 0.05894711995124813, 0.05835, 
Thread-52, 126, 1, 1, 0.05453415587544441, 0.14115844124555577, 0.058841558754444134, 0.058649999999999994, 
Thread-52, 127, 1, 1, 0.05492261424660683, 0.1402738575339317, 0.05972614246606826, 0.05895, 
Thread-52, 128, 1, 1, 0.055338822305202484, 0.13911177694797522, 0.06088822305202482, 0.05925, 
Thread-52, 129, 1, 1, 0.05579114705324173, 0.1375885294675827, 0.06241147053241726, 0.059550000000000006, 
Thread-52, 130, 1, 1, 0.05626682564616203, 0.13583174353837962, 0.06416825646162035, 0.05985, 
Thread-52, 131, 1, 1, 0.05674370005726814, 0.13406299942731847, 0.06593700057268143, 0.060149999999999995, 
Thread-52, 132, 1, 1, 0.05723988264799118, 0.13210117352008818, 0.06789882647991179, 0.060450000000000004, 
Thread-52, 133, 1, 1, 0.05774452164769173, 0.1300547835230828, 0.06994521647691723, 0.06075, 
Thread-52, 134, 1, 1, 0.058272119611501694, 0.12777880388498308, 0.07222119611501689, 0.06105000000000001, 
Thread-52, 135, 1, 1, 0.05880146473646164, 0.12548535263538357, 0.0745146473646164, 0.06135, 
Thread-52, 136, 1, 0, 0.0593443289399147, 0.12305671060085288, 0.07694328939914702, 0.061649999999999996, 
Thread-52, 137, 1, 0, 0.059873588383197784, 0.12076411616802216, 0.07923588383197781, 0.061950000000000005, 
Thread-52, 138, 1, 0, 0.060348015278577805, 0.11901984721422204, 0.080980152785778, 0.06225, 
Thread-52, 139, 1, 0, 0.06078837811946869, 0.11761621880531314, 0.0823837811946869, 0.06255, 
Thread-52, 140, 1, 0, 0.061206378042697906, 0.11643621957302092, 0.08356378042697905, 0.06285, 
Thread-52, 141, 1, 0, 0.061609648168087006, 0.11540351831912987, 0.08459648168087003, 0.06315, 
Thread-52, 142, 1, 0, 0.062003761529922485, 0.11446238470077516, 0.08553761529922481, 0.06345, 
Thread-52, 143, 1, 0, 0.062387701123952866, 0.1136229887604713, 0.08637701123952866, 0.06375, 
Thread-52, 144, 1, 0, 0.06276506185531616, 0.11284938144683843, 0.08715061855316161, 0.06405, 
Thread-52, 145, 1, 0, 0.06313486397266388, 0.1121513602733612, 0.08784863972663877, 0.06435, 
Thread-52, 146, 1, 1, 0.06349708139896393, 0.11152918601036066, 0.08847081398963924, 0.06465, 
Thread-52, 147, 1, 1, 0.06391765922307968, 0.11032340776920307, 0.08967659223079683, 0.06495, 
Thread-52, 148, 1, 1, 0.06439592689275742, 0.10854073107242582, 0.09145926892757415, 0.06525, 
Thread-52, 149, 1, 1, 0.06490564346313477, 0.1064435653686524, 0.09355643463134763, 0.06555, 
Thread-52, 150, 1, 1, 0.06543784588575363, 0.10412154114246369, 0.09587845885753628, 0.06585, 
Thread-52, 151, 1, 2, 0.06599397957324982, 0.10156020426750179, 0.09843979573249818, 0.06615, 
Thread-52, 152, 1, 2, 0.0665525421500206, 0.09897457849979391, 0.10102542150020599, 0.06645, 
Thread-52, 153, 1, 2, 0.0669393315911293, 0.09810668408870696, 0.10189331591129301, 0.06675, 
Thread-52, 154, 1, 2, 0.06724468618631363, 0.09805313813686378, 0.10194686186313626, 0.06705, 
Thread-52, 155, 1, 2, 0.06747456640005112, 0.09875433599948885, 0.10124566400051112, 0.06735000000000001, 
Thread-52, 156, 1, 2, 0.06766127049922943, 0.09988729500770566, 0.10011270499229431, 0.06765, 
Thread-52, 157, 1, 2, 0.06781472265720367, 0.10135277342796317, 0.09864722657203673, 0.06795, 
Thread-52, 158, 1, 2, 0.06793061643838882, 0.10319383561611176, 0.09680616438388821, 0.06825, 
Thread-52, 159, 1, 2, 0.06803436577320099, 0.1051563422679902, 0.09484365773200984, 0.06855, 
Thread-52, 160, 1, 2, 0.0680813267827034, 0.10768673217296604, 0.092313267827034, 0.06885, 
Thread-52, 161, 1, 1, 0.06811930239200592, 0.11030697607994078, 0.08969302392005919, 0.06915, 
Thread-52, 162, 1, 1, 0.06827554106712341, 0.1117445893287658, 0.0882554106712341, 0.06945, 
Thread-52, 163, 1, 1, 0.06852113455533981, 0.11228865444660188, 0.08771134555339809, 0.06975, 
Thread-52, 164, 1, 1, 0.06882831454277039, 0.1122168545722961, 0.08778314542770387, 0.07005, 
Thread-52, 165, 1, 1, 0.0691816583275795, 0.11168341672420506, 0.08831658327579497, 0.07035, 
Thread-52, 166, 1, 1, 0.06954832375049591, 0.11101676249504089, 0.08898323750495908, 0.07065, 
Thread-52, 167, 1, 1, 0.06997102499008179, 0.10978975009918207, 0.09021024990081783, 0.07095, 
Thread-52, 168, 1, 1, 0.07039374113082886, 0.10856258869171131, 0.09143741130828859, 0.07125, 
Thread-52, 169, 1, 1, 0.07084202021360397, 0.10707979786396024, 0.09292020213603973, 0.07155, 
Thread-52, 170, 1, 1, 0.07129880785942078, 0.1055119214057923, 0.09448807859420774, 0.07185, 
Thread-52, 171, 1, 1, 0.07176649570465088, 0.10383504295349122, 0.09616495704650875, 0.07215, 
Thread-52, 172, 1, 1, 0.07226277142763138, 0.10187228572368617, 0.0981277142763138, 0.07245, 
Thread-52, 173, 1, 1, 0.07278873026371002, 0.09961269736289968, 0.10038730263710022, 0.07275, 
Thread-52, 174, 1, 1, 0.07335275411605835, 0.09697245883941649, 0.10302754116058355, 0.07305, 
Thread-52, 175, 1, 1, 0.07394779473543167, 0.09402205264568336, 0.10597794735431668, 0.07335, 
Thread-52, 176, 1, 0, 0.07455436885356903, 0.09095631146430971, 0.10904368853569033, 0.07365000000000001, 
Thread-52, 177, 1, 0, 0.07510486245155334, 0.08845137548446652, 0.11154862451553352, 0.07395, 
Thread-52, 178, 1, 0, 0.0755782350897789, 0.08671764910221091, 0.11328235089778899, 0.07425, 
Thread-52, 179, 1, 0, 0.07600351423025131, 0.08546485769748688, 0.11453514230251316, 0.07455, 
Thread-52, 180, 1, 0, 0.07639642804861069, 0.08453571951389321, 0.11546428048610682, 0.07485, 
Thread-52, 181, 1, 1, 0.0767669528722763, 0.08383047127723697, 0.11616952872276307, 0.07515, 
Thread-52, 182, 1, 1, 0.07724752277135849, 0.08202477228641508, 0.11797522771358496, 0.07545, 
Thread-52, 183, 1, 1, 0.07777675986289978, 0.07973240137100213, 0.12026759862899777, 0.07575, 
Thread-52, 184, 1, 1, 0.07835464924573898, 0.07695350754261018, 0.12304649245738986, 0.07605, 
Thread-52, 185, 1, 1, 0.07895005494356155, 0.07399945056438442, 0.12600054943561562, 0.07635, 
Thread-52, 186, 1, 2, 0.07953575998544693, 0.07114240014553075, 0.1288575998544693, 0.07665, 
Thread-52, 187, 1, 2, 0.080166757106781, 0.06783242893218994, 0.1321675710678101, 0.07695, 
Thread-52, 188, 1, 2, 0.08062633872032166, 0.06623661279678339, 0.1337633872032165, 0.07725, 
Thread-52, 189, 1, 2, 0.08091314136981964, 0.06636858630180348, 0.13363141369819642, 0.07755, 
Thread-52, 190, 1, 2, 0.08110865950584412, 0.06741340494155881, 0.13258659505844123, 0.07785, 
Thread-52, 191, 1, 1, 0.08122693747282028, 0.06923062527179724, 0.1307693747282028, 0.07815, 
Thread-52, 192, 1, 1, 0.08137474209070206, 0.07075257909297944, 0.1292474209070206, 0.07845, 
Thread-52, 193, 1, 1, 0.0816667452454567, 0.070832547545433, 0.12916745245456704, 0.07875, 
Thread-52, 194, 1, 1, 0.08208107203245163, 0.0696892796754836, 0.1303107203245163, 0.07905, 
Thread-52, 195, 1, 1, 0.08252506703138351, 0.06824932968616484, 0.1317506703138352, 0.07935, 
Thread-52, 196, 1, 1, 0.08304017782211304, 0.0660982217788697, 0.13390177822113034, 0.07965, 
Thread-52, 197, 1, 1, 0.08355221897363663, 0.06397781026363375, 0.1360221897363663, 0.07995000000000001, 
Thread-52, 198, 1, 1, 0.0840890109539032, 0.061609890460967986, 0.13839010953903205, 0.08025, 
Thread-52, 199, 1, 1, 0.08464405685663223, 0.05905943143367759, 0.1409405685663223, 0.08055, 
Thread-52, 200, 1, 1, 0.0851893350481987, 0.056606649518013, 0.14339335048198704, 0.08085, 
Thread-52, 201, 1, 0, 0.08578254282474518, 0.053674571752548306, 0.14632542824745173, 0.08115, 
Thread-52, 202, 1, 0, 0.08636318147182465, 0.050868185281753575, 0.14913181471824646, 0.08145, 
Thread-52, 203, 1, 0, 0.08684971928596497, 0.049002807140350324, 0.15099719285964971, 0.08175, 
Thread-52, 204, 1, 0, 0.087275430560112, 0.047745694398879934, 0.15225430560111997, 0.08205, 
Thread-52, 205, 1, 0, 0.08765987306833267, 0.046901269316673294, 0.15309873068332674, 0.08235, 
Thread-52, 206, 1, 2, 0.08801586925983429, 0.04634130740165707, 0.15365869259834297, 0.08265, 
Thread-52, 207, 1, 2, 0.08820921182632446, 0.04740788173675542, 0.15259211826324462, 0.08295000000000001, 
Thread-52, 208, 1, 2, 0.08834110200405121, 0.04908897995948791, 0.15091102004051213, 0.08325, 
Thread-52, 209, 1, 2, 0.0884021446108818, 0.05147855389118189, 0.14852144610881815, 0.08355, 
Thread-52, 210, 1, 2, 0.08841343224048615, 0.05436567759513858, 0.14563432240486146, 0.08385000000000001, 
Thread-52, 211, 1, 1, 0.08840940147638321, 0.057405985236167884, 0.14259401476383216, 0.08415, 
Thread-52, 212, 1, 1, 0.08833952248096466, 0.061104775190353317, 0.13889522480964672, 0.08445, 
Thread-52, 213, 1, 1, 0.08842914551496506, 0.06320854485034944, 0.1367914551496506, 0.08475, 
Thread-52, 214, 1, 1, 0.08868443220853806, 0.0636556779146194, 0.13634432208538064, 0.08505, 
Thread-52, 215, 1, 1, 0.08898981660604477, 0.06360183393955235, 0.1363981660604477, 0.08535000000000001, 
Thread-52, 216, 1, 0, 0.08935430645942688, 0.06295693540573119, 0.13704306459426885, 0.08565, 
Thread-52, 217, 1, 0, 0.08972384035587311, 0.06226159644126886, 0.13773840355873118, 0.08595, 
Thread-52, 218, 1, 0, 0.09001496434211731, 0.062350356578826927, 0.1376496434211731, 0.08625000000000001, 
Thread-52, 219, 1, 0, 0.09025759994983673, 0.06292400050163266, 0.13707599949836738, 0.08655, 
Thread-52, 220, 1, 0, 0.09046919643878937, 0.06380803561210638, 0.13619196438789366, 0.08685000000000001, 
Thread-52, 221, 1, 0, 0.09066137671470642, 0.0648862328529358, 0.13511376714706425, 0.08715, 
Thread-52, 222, 1, 0, 0.0908428505063057, 0.066071494936943, 0.13392850506305704, 0.08745, 
Thread-52, 223, 1, 0, 0.09101307392120361, 0.0673692607879639, 0.13263073921203614, 0.08775000000000001, 
Thread-52, 224, 1, 0, 0.09117752313613892, 0.06872476863861082, 0.13127523136138922, 0.08805, 
Thread-52, 225, 1, 0, 0.09133521467447281, 0.07014785325527184, 0.1298521467447282, 0.08835, 
Thread-52, 226, 1, 2, 0.09148652851581573, 0.07163471484184267, 0.12836528515815737, 0.08865, 
Thread-52, 227, 1, 2, 0.09156010299921036, 0.07389897000789639, 0.12610102999210365, 0.08895, 
Thread-52, 228, 1, 2, 0.0915171205997467, 0.07732879400253301, 0.12267120599746703, 0.08925000000000001, 
Thread-52, 229, 1, 2, 0.09142860025167465, 0.08121399748325348, 0.11878600251674656, 0.08955, 
Thread-52, 230, 1, 2, 0.09130393713712692, 0.08546062862873072, 0.11453937137126932, 0.08985, 
Thread-52, 231, 1, 2, 0.09112866967916489, 0.09021330320835116, 0.10978669679164887, 0.09015000000000001, 
Thread-52, 232, 1, 2, 0.09096968173980713, 0.09480318260192869, 0.10519681739807135, 0.09045, 
Thread-52, 233, 1, 2, 0.0907183289527893, 0.10031671047210686, 0.09968328952789318, 0.09075, 
Thread-52, 234, 1, 2, 0.09049142897129059, 0.10558571028709413, 0.09441428971290591, 0.09105, 
Thread-52, 235, 1, 2, 0.09022284299135208, 0.11127157008647914, 0.0887284299135209, 0.09135, 
Thread-52, 236, 1, 0, 0.0899304524064064, 0.11719547593593602, 0.08280452406406402, 0.09165000000000001, 
Thread-52, 237, 1, 0, 0.08967763185501099, 0.12272368144989013, 0.07727631855010991, 0.09195, 
Thread-52, 238, 1, 0, 0.08950042724609375, 0.12749572753906244, 0.0725042724609376, 0.09225, 
Thread-52, 239, 1, 0, 0.0893731489777565, 0.13176851022243502, 0.06823148977756502, 0.09255000000000001, 
Thread-52, 240, 1, 0, 0.08927483856678009, 0.13575161433219907, 0.06424838566780097, 0.09285, 
Thread-52, 241, 1, 1, 0.08919405937194824, 0.13955940628051763, 0.060440593719482405, 0.09315000000000001, 
Thread-52, 242, 1, 1, 0.08926378190517426, 0.14186218094825745, 0.05813781905174259, 0.09345, 
Thread-52, 243, 1, 1, 0.08940722048282623, 0.14342779517173762, 0.05657220482826242, 0.09375, 
Thread-52, 244, 1, 1, 0.08962030708789825, 0.1442969291210175, 0.05570307087898255, 0.09405000000000001, 
Thread-52, 245, 1, 1, 0.0898665338754654, 0.14483466124534605, 0.055165338754653986, 0.09435, 
Thread-52, 246, 1, 1, 0.09011632204055786, 0.14533677959442132, 0.05466322040557872, 0.09465, 
Thread-52, 247, 1, 1, 0.09042812883853912, 0.14521871161460878, 0.05478128838539126, 0.09495, 
Thread-52, 248, 1, 1, 0.09073567390441895, 0.1451432609558105, 0.05485673904418953, 0.09525, 
Thread-52, 249, 1, 1, 0.09110937267541885, 0.1444062732458115, 0.05559372675418853, 0.09555000000000001, 
Thread-52, 250, 1, 1, 0.09147614240646362, 0.14373857593536377, 0.05626142406463627, 0.09585, 
Thread-52, 251, 1, 1, 0.0918755829334259, 0.1427441706657409, 0.05725582933425913, 0.09615, 
Thread-52, 252, 1, 1, 0.09230084717273712, 0.1414915282726288, 0.058508471727371225, 0.09645000000000001, 
Thread-52, 253, 1, 1, 0.09272076189517975, 0.1402923810482025, 0.05970761895179755, 0.09675, 
Thread-52, 254, 1, 1, 0.09320152550935745, 0.1384847449064254, 0.06151525509357464, 0.09705, 
Thread-52, 255, 1, 1, 0.09367406368255615, 0.1367593631744385, 0.06324063682556155, 0.09735, 
Thread-52, 256, 1, 0, 0.0942104309797287, 0.13439569020271297, 0.06560430979728707, 0.09765, 
Thread-52, 257, 1, 0, 0.09467239677906036, 0.1327760322093964, 0.06722396779060363, 0.09795000000000001, 
Thread-52, 258, 1, 0, 0.09505496174097061, 0.13195038259029387, 0.06804961740970616, 0.09825, 
Thread-52, 259, 1, 0, 0.09539127349853516, 0.13158726501464837, 0.06841273498535166, 0.09855, 
Thread-52, 260, 1, 0, 0.09569872915744781, 0.13151270842552187, 0.06848729157447817, 0.09885000000000001, 
Thread-52, 261, 1, 1, 0.09598832577466965, 0.1316167422533035, 0.06838325774669654, 0.09915, 
Thread-52, 262, 1, 1, 0.09634628146886826, 0.1310371853113175, 0.06896281468868254, 0.09945000000000001, 
Thread-52, 263, 1, 1, 0.09684670716524124, 0.1290329283475876, 0.07096707165241245, 0.09975, 
Thread-52, 264, 1, 1, 0.09739332646131516, 0.1265667353868484, 0.07343326461315164, 0.10005, 
Thread-52, 265, 1, 1, 0.09797807037830353, 0.12371929621696476, 0.07628070378303528, 0.10035000000000001, 
Thread-52, 266, 1, 0, 0.09861975163221359, 0.12030248367786406, 0.07969751632213598, 0.10065, 
Thread-52, 267, 1, 0, 0.0991736352443695, 0.11776364755630486, 0.08223635244369518, 0.10095, 
Thread-52, 268, 1, 0, 0.09955479204654694, 0.11695207953453066, 0.08304792046546938, 0.10125, 
Thread-52, 269, 1, 0, 0.09979743510484695, 0.11752564895153042, 0.08247435104846962, 0.10155, 
Thread-52, 270, 1, 0, 0.09993104636669159, 0.11918953633308416, 0.08081046366691588, 0.10185000000000001, 
Thread-52, 271, 1, 1, 0.09998436272144318, 0.12165637278556823, 0.0783436272144318, 0.10215, 
Thread-52, 272, 1, 1, 0.10020281374454498, 0.12247186255455011, 0.07752813744544992, 0.10245, 
Thread-52, 273, 1, 1, 0.10041297227144241, 0.1233702772855759, 0.07662972271442414, 0.10275000000000001, 
Thread-52, 274, 1, 1, 0.10068318992853165, 0.12366810071468351, 0.07633189928531653, 0.10305, 
Thread-52, 275, 1, 1, 0.10096951574087143, 0.12380484259128563, 0.07619515740871441, 0.10335, 
Thread-52, 276, 1, 1, 0.10120705515146255, 0.12442944848537446, 0.07557055151462558, 0.10365, 
Thread-52, 277, 1, 1, 0.10154883563518524, 0.12401164364814754, 0.0759883563518525, 0.10395, 
Thread-52, 278, 1, 1, 0.1017986312508583, 0.12451368749141697, 0.07548631250858306, 0.10425000000000001, 
Thread-52, 279, 1, 1, 0.10216593742370605, 0.12384062576293944, 0.0761593742370606, 0.10455, 
Thread-52, 280, 1, 1, 0.10246733576059341, 0.1238266423940658, 0.07617335760593424, 0.10485, 
Thread-52, 281, 1, 1, 0.10280834138393402, 0.12341658616065981, 0.07658341383934023, 0.10515000000000001, 
Thread-52, 282, 1, 1, 0.103169746696949, 0.12280253303050992, 0.07719746696949012, 0.10545, 
Thread-52, 283, 1, 1, 0.10348271578550339, 0.12267284214496618, 0.07732715785503386, 0.10575000000000001, 
Thread-52, 284, 1, 1, 0.10391027480363846, 0.12139725196361542, 0.07860274803638462, 0.10605, 
Thread-52, 285, 1, 1, 0.10425014793872833, 0.12099852061271663, 0.07900147938728341, 0.10635, 
Thread-52, 286, 1, 1, 0.10471759736537933, 0.1193240263462067, 0.08067597365379334, 0.10665000000000001, 
Thread-52, 287, 1, 1, 0.10512420535087585, 0.11825794649124144, 0.0817420535087586, 0.10695, 
Thread-52, 288, 1, 1, 0.10559920966625214, 0.11650790333747857, 0.08349209666252147, 0.10725, 
Thread-52, 289, 1, 1, 0.10611426830291748, 0.11435731697082521, 0.08564268302917483, 0.10755, 
Thread-52, 290, 1, 1, 0.1065870150923729, 0.11262984907627102, 0.08737015092372902, 0.10785, 
Thread-52, 291, 1, 1, 0.10722731798887253, 0.10922682011127477, 0.09077317988872527, 0.10815000000000001, 
Thread-52, 292, 1, 1, 0.1077570766210556, 0.10692923378944397, 0.09307076621055607, 0.10845, 
Thread-52, 293, 1, 1, 0.10846704244613647, 0.1028295755386352, 0.09717042446136484, 0.10875, 
Thread-52, 294, 1, 1, 0.10909723490476608, 0.0995276509523392, 0.10047234904766084, 0.10905000000000001, 
Thread-52, 295, 1, 1, 0.1097978875041008, 0.09552112495899198, 0.10447887504100806, 0.10935, 
Thread-52, 296, 1, 1, 0.11052699387073517, 0.09123006129264824, 0.1087699387073518, 0.10965, 
Thread-52, 297, 1, 1, 0.1111874058842659, 0.08762594115734101, 0.11237405884265902, 0.10995, 
Thread-52, 298, 1, 1, 0.1120256558060646, 0.0822434419393539, 0.11775655806064614, 0.11025, 
Thread-52, 299, 1, 1, 0.11271864920854568, 0.0783135079145432, 0.12168649208545684, 0.11055000000000001, 
Thread-52, 300, 1, 1, 0.11361696571111679, 0.07233034288883208, 0.12766965711116796, 0.11085, 
Thread-52, 301, 1, 2, 0.11441458761692047, 0.06735412383079523, 0.1326458761692048, 0.11115, 
Thread-52, 302, 1, 2, 0.11486242711544037, 0.06587572884559634, 0.1341242711544037, 0.11145000000000001, 
Thread-52, 303, 1, 2, 0.11507962644100189, 0.06670373558998105, 0.133296264410019, 0.11175, 
Thread-52, 304, 1, 2, 0.11525914072990417, 0.06790859270095831, 0.13209140729904173, 0.11205000000000001, 
Thread-52, 305, 1, 2, 0.11519026756286621, 0.0715973243713379, 0.12840267562866214, 0.11235, 
Thread-52, 306, 1, 2, 0.11523091048002243, 0.07419089519977565, 0.1258091048002244, 0.11265, 
Thread-52, 307, 1, 2, 0.11505047231912613, 0.07899527680873875, 0.12100472319126129, 0.11295000000000001, 
Thread-52, 308, 1, 2, 0.11494799703359604, 0.0830200296640396, 0.11697997033596044, 0.11325, 
Thread-52, 309, 1, 2, 0.114764504134655, 0.08785495865344994, 0.1121450413465501, 0.11355, 
Thread-52, 310, 1, 2, 0.11452619731426239, 0.09323802685737612, 0.10676197314262392, 0.11385, 
Thread-52, 311, 1, 1, 0.11433450132608414, 0.0981549867391586, 0.10184501326084144, 0.11415, 
Thread-52, 312, 1, 1, 0.1139700636267662, 0.104799363732338, 0.09520063626766204, 0.11445000000000001, 
Thread-52, 313, 1, 1, 0.1138266995549202, 0.10923300445079803, 0.090766995549202, 0.11475, 
Thread-52, 314, 1, 1, 0.11409619450569153, 0.10953805494308466, 0.09046194505691538, 0.11505, 
Thread-52, 315, 1, 1, 0.11439890414476395, 0.1095109585523607, 0.09048904144763947, 0.11535000000000001, 
Thread-52, 316, 1, 1, 0.11484840512275696, 0.10801594877243026, 0.09198405122756964, 0.11565, 
Thread-52, 317, 1, 1, 0.11537951231002808, 0.1057048768997193, 0.09429512310028088, 0.11595, 
Thread-52, 318, 1, 1, 0.1158687174320221, 0.10381282567977906, 0.09618717432022098, 0.11625, 
Thread-52, 319, 1, 1, 0.116566002368927, 0.09983997631072994, 0.1001600236892701, 0.11655, 
Thread-52, 320, 1, 1, 0.11713165044784546, 0.0971834955215456, 0.10281650447845458, 0.11685000000000001, 
Thread-52, 321, 1, 2, 0.11792123317718506, 0.09228766822814927, 0.10771233177185063, 0.11715, 
Thread-52, 322, 1, 2, 0.11857953667640686, 0.08870463323593147, 0.1112953667640687, 0.11745, 
Thread-52, 323, 1, 2, 0.11888696998357773, 0.08863030016422274, 0.1113696998357773, 0.11775000000000001, 
Thread-52, 324, 1, 2, 0.11899588257074356, 0.09054117429256436, 0.10945882570743568, 0.11805, 
Thread-52, 325, 1, 2, 0.11908748000860214, 0.09262519991397877, 0.1073748000860214, 0.11835000000000001, 
Thread-52, 326, 1, 2, 0.11894433200359344, 0.09705667996406542, 0.10294332003593448, 0.11865, 
Thread-52, 327, 1, 2, 0.11892968416213989, 0.10020315837860116, 0.09979684162139901, 0.11895, 
Thread-52, 328, 1, 2, 0.1186971664428711, 0.1055283355712891, 0.09447166442871094, 0.11925000000000001, 
Thread-52, 329, 1, 2, 0.11854291707277298, 0.11007082927227019, 0.08992917072772985, 0.11955, 
Thread-52, 330, 1, 2, 0.1183122843503952, 0.1153771564960479, 0.08462284350395213, 0.11985, 
Thread-52, 331, 1, 0, 0.1180419847369194, 0.12108015263080585, 0.07891984736919405, 0.12015, 
Thread-52, 332, 1, 0, 0.1179058700799942, 0.1254412992000581, 0.07455870079994209, 0.12045, 
Thread-52, 333, 1, 0, 0.11788614839315414, 0.1286385160684586, 0.07136148393154143, 0.12075000000000001, 
Thread-52, 334, 1, 0, 0.11794047057628632, 0.13109529423713684, 0.0689047057628632, 0.12105, 
Thread-52, 335, 1, 0, 0.11803745478391647, 0.1331254521608352, 0.06687454783916483, 0.12135, 
Thread-52, 336, 1, 1, 0.11816079169511795, 0.1348920830488204, 0.06510791695117951, 0.12165000000000001, 
Thread-52, 337, 1, 1, 0.11863566190004349, 0.13314338099956524, 0.06685661900043494, 0.12195, 
Thread-52, 338, 1, 1, 0.11911848187446594, 0.13131518125534036, 0.06868481874465954, 0.12225, 
Thread-52, 339, 1, 1, 0.11973980814218521, 0.1281019185781479, 0.07189808142185214, 0.12255, 
Thread-52, 340, 1, 1, 0.12043797969818115, 0.12412020301818844, 0.0758797969818116, 0.12285, 
Thread-52, 341, 1, 1, 0.12110012769699097, 0.12049872303009024, 0.07950127696990966, 0.12315000000000001, 
Thread-52, 342, 1, 1, 0.12197036296129227, 0.11479637038707746, 0.08520362961292272, 0.12345, 
Thread-52, 343, 1, 1, 0.12269126623868942, 0.11058733761310557, 0.08941266238689433, 0.12375, 
Thread-52, 344, 1, 1, 0.12364663183689117, 0.10403368163108828, 0.09596631836891176, 0.12405000000000001, 
Thread-52, 345, 1, 1, 0.1245037391781807, 0.09846260821819303, 0.10153739178180701, 0.12435, 
Thread-52, 346, 1, 2, 0.12545329332351685, 0.09196706676483146, 0.10803293323516844, 0.12465000000000001, 
Thread-52, 347, 1, 2, 0.12642788887023926, 0.08522111129760757, 0.11477888870239261, 0.12495, 
Thread-52, 348, 1, 2, 0.1271287500858307, 0.08121249914169293, 0.11878750085830697, 0.12525, 
Thread-52, 349, 1, 2, 0.12740473449230194, 0.08145265507698063, 0.11854734492301941, 0.12555, 
Thread-52, 350, 1, 2, 0.12772172689437866, 0.08128273105621336, 0.11871726894378667, 0.12585, 
Thread-52, 351, 1, 1, 0.1277434378862381, 0.08406562113761895, 0.11593437886238109, 0.12614999999999998, 
Thread-52, 352, 1, 1, 0.12788745760917664, 0.0856254239082338, 0.11437457609176638, 0.12645, 
Thread-52, 353, 1, 1, 0.12839199602603912, 0.08358003973960859, 0.11641996026039131, 0.12675, 
Thread-52, 354, 1, 1, 0.1290992647409439, 0.07950735259056096, 0.12049264740943907, 0.12705, 
Thread-52, 355, 1, 1, 0.12979015707969666, 0.07559842920303345, 0.12440157079696659, 0.12735, 
Thread-52, 356, 1, 2, 0.13067005574703217, 0.06979944252967829, 0.13020055747032175, 0.12764999999999999, 
Thread-52, 357, 1, 2, 0.13129599392414093, 0.06654006075859087, 0.1334599392414093, 0.12795, 
Thread-52, 358, 1, 2, 0.1312810629606247, 0.06968937039375289, 0.130310629606247, 0.12825, 
Thread-52, 359, 1, 2, 0.1311023235321045, 0.07447676467895514, 0.12552323532104503, 0.12855, 
Thread-52, 360, 1, 2, 0.1306605041027069, 0.08189495897293092, 0.11810504102706912, 0.12885, 
Thread-52, 361, 1, 1, 0.13006776571273804, 0.09082234287261959, 0.10917765712738045, 0.12915, 
Thread-52, 362, 1, 1, 0.12964873015880585, 0.09801269841194171, 0.10198730158805847, 0.12945, 
Thread-52, 363, 1, 1, 0.12962235510349274, 0.10127644896507249, 0.09872355103492741, 0.12975, 
Thread-52, 364, 1, 1, 0.12954120337963104, 0.10508796620368965, 0.09491203379631052, 0.13005, 
Thread-52, 365, 1, 1, 0.12973973155021667, 0.10610268449783328, 0.09389731550216676, 0.13035, 
Thread-52, 366, 1, 1, 0.12984803318977356, 0.10801966810226438, 0.09198033189773566, 0.13065, 
Thread-52, 367, 1, 1, 0.13005100190639496, 0.10898998093605033, 0.0910100190639497, 0.13094999999999998, 
Thread-52, 368, 1, 1, 0.13029168546199799, 0.10958314538002001, 0.09041685461997989, 0.13125, 
Thread-52, 369, 1, 1, 0.13045744597911835, 0.11092554020881662, 0.08907445979118356, 0.13155, 
Thread-52, 370, 1, 1, 0.13083340227603912, 0.1101659772396088, 0.08983402276039124, 0.13185, 
Thread-52, 371, 1, 0, 0.13104118406772614, 0.11108815932273863, 0.0889118406772614, 0.13215, 
Thread-52, 372, 1, 0, 0.13111096620559692, 0.1133903379440307, 0.08660966205596934, 0.13244999999999998, 
Thread-52, 373, 1, 0, 0.13109762966632843, 0.11652370333671558, 0.08347629666328432, 0.13275, 
Thread-52, 374, 1, 0, 0.13104496896266937, 0.12005031037330638, 0.0799496896266938, 0.13305, 
Thread-52, 375, 1, 0, 0.1309719681739807, 0.12378031826019292, 0.07621968173980712, 0.13335, 
Thread-52, 376, 1, 1, 0.13088925182819366, 0.12760748171806335, 0.07239251828193669, 0.13365, 
Thread-52, 377, 1, 1, 0.13118085265159607, 0.12769147348403925, 0.07230852651596079, 0.13394999999999999, 
Thread-52, 378, 1, 1, 0.13143570721149445, 0.12814292788505544, 0.07185707211494446, 0.13425, 
Thread-52, 379, 1, 1, 0.13183774054050446, 0.12712259459495556, 0.07287740540504462, 0.13455, 
Thread-52, 380, 1, 1, 0.13231167197227478, 0.12538328027725198, 0.07461671972274792, 0.13485, 
Thread-52, 381, 1, 2, 0.1327219009399414, 0.12428099060058595, 0.07571900939941395, 0.13515, 
Thread-52, 382, 1, 2, 0.1333909034729004, 0.12059096527099605, 0.07940903472900385, 0.13545, 
Thread-52, 383, 1, 2, 0.13380230963230133, 0.1194769036769866, 0.0805230963230133, 0.13575, 
Thread-52, 384, 1, 2, 0.1336623579263687, 0.123876420736313, 0.07612357926368718, 0.13605, 
Thread-52, 385, 1, 2, 0.13349087536334991, 0.12859124636650066, 0.07140875363349924, 0.13635, 
Thread-52, 386, 1, 1, 0.13315241038799286, 0.13497589612007144, 0.06502410387992846, 0.13665, 
Thread-52, 387, 1, 1, 0.13276341557502747, 0.14186584424972531, 0.058134155750274585, 0.13695, 
Thread-52, 388, 1, 1, 0.13265013694763184, 0.14599863052368156, 0.05400136947631834, 0.13724999999999998, 
Thread-52, 389, 1, 1, 0.13298887014389038, 0.14561129856109634, 0.05438870143890384, 0.13755, 
Thread-52, 390, 1, 1, 0.1332709938287735, 0.14579006171226483, 0.05420993828773507, 0.13785, 
Thread-52, 391, 1, 1, 0.13389386236667633, 0.14256137633323673, 0.05743862366676317, 0.13815, 
Thread-52, 392, 1, 1, 0.13442762196063995, 0.14022378039360045, 0.05977621960639945, 0.13845, 
Thread-52, 393, 1, 1, 0.13508310914039612, 0.13666890859603875, 0.06333109140396115, 0.13874999999999998, 
Thread-52, 394, 1, 1, 0.13580340147018433, 0.1324659852981569, 0.06753401470184328, 0.13905, 
Thread-52, 395, 1, 1, 0.13644377887248993, 0.12906221127510054, 0.07093778872489936, 0.13935, 
Thread-52, 396, 1, 2, 0.13734497129917145, 0.12305028700828557, 0.07694971299171433, 0.13965, 
Thread-52, 397, 1, 2, 0.13803890347480774, 0.11911096525192261, 0.0808890347480773, 0.13995, 
Thread-52, 398, 1, 2, 0.13812458515167236, 0.12125414848327631, 0.07874585151672359, 0.14024999999999999, 
Thread-52, 399, 1, 2, 0.13817286491394043, 0.12377135086059587, 0.0762286491394043, 0.14055, 
Thread-52, 400, 1, 2, 0.13802553713321686, 0.12824462866783126, 0.07175537133216864, 0.14085, 
Thread-52, 401, 1, 2, 0.1377803087234497, 0.133696912765503, 0.06630308723449718, 0.14115, 
Thread-52, 402, 1, 2, 0.1376078724861145, 0.138421275138855, 0.06157872486114491, 0.14145, 
Thread-52, 403, 1, 2, 0.13718007504940033, 0.14569924950599666, 0.054300750494003236, 0.14175, 
Thread-52, 404, 1, 2, 0.13695013523101807, 0.15099864768981952, 0.04900135231018066, 0.14205, 
Thread-52, 405, 1, 2, 0.13647465407848358, 0.15875345921516404, 0.04124654078483586, 0.14235, 
Thread-52, 406, 1, 1, 0.13613373041152954, 0.16516269588470467, 0.03483730411529551, 0.14265, 
Thread-52, 407, 1, 1, 0.1362295001745224, 0.16720499825477603, 0.03279500174522387, 0.14295, 
Thread-52, 408, 1, 1, 0.13659164309501648, 0.16658356904983518, 0.03341643095016472, 0.14325, 
Thread-52, 409, 1, 1, 0.13700523972511292, 0.16544760274887077, 0.03455239725112913, 0.14354999999999998, 
Thread-52, 410, 1, 1, 0.1377471536397934, 0.1610284636020659, 0.03897153639793399, 0.14385, 
Thread-52, 411, 1, 2, 0.13833756744861603, 0.15812432551383981, 0.041875674486160364, 0.14415, 
Thread-52, 412, 1, 2, 0.1383606344461441, 0.160893655538559, 0.0391063444614409, 0.14445, 
Thread-52, 413, 1, 2, 0.13835349678993225, 0.16396503210067748, 0.03603496789932242, 0.14475, 
Thread-52, 414, 1, 2, 0.1381833702325821, 0.168666297674179, 0.03133370232582089, 0.14504999999999998, 
Thread-52, 415, 1, 2, 0.13794170320034027, 0.17408296799659717, 0.02591703200340273, 0.14534999999999998, 
Thread-52, 416, 1, 1, 0.1377866566181183, 0.17863343381881724, 0.021366566181182656, 0.14565, 
Thread-52, 417, 1, 1, 0.1374252289533615, 0.18524771046638494, 0.01475228953361496, 0.14595, 
Thread-52, 418, 1, 1, 0.13732075691223145, 0.18929243087768555, 0.010707569122314353, 0.14625, 
Thread-52, 419, 1, 1, 0.13774895668029785, 0.18801043319702143, 0.011989566802978469, 0.14654999999999999, 
Thread-52, 420, 1, 1, 0.1382240653038025, 0.186259346961975, 0.013740653038024908, 0.14684999999999998, 
Thread-52, 421, 1, 1, 0.13890229165554047, 0.18247708344459546, 0.017522916555404444, 0.14715, 
Thread-52, 422, 1, 1, 0.13969065248966217, 0.17759347510337836, 0.022406524896621538, 0.14745, 
Thread-52, 423, 1, 1, 0.1404317170381546, 0.173182829618454, 0.026817170381545907, 0.14775, 
Thread-52, 424, 1, 1, 0.14146669209003448, 0.1658330790996551, 0.03416692090034479, 0.14805, 
Thread-52, 425, 1, 1, 0.14230690896511078, 0.16043091034889212, 0.03956908965110778, 0.14834999999999998, 
Thread-52, 426, 1, 1, 0.14346657693386078, 0.15183423066139207, 0.04816576933860783, 0.14864999999999998, 
Thread-52, 427, 1, 1, 0.14449575543403625, 0.14454244565963753, 0.05545755434036237, 0.14895, 
Thread-52, 428, 1, 1, 0.1456502228975296, 0.135997771024704, 0.0640022289752959, 0.14925, 
Thread-52, 429, 1, 1, 0.1468696892261505, 0.12680310773849485, 0.07319689226150505, 0.14955, 
Thread-52, 430, 1, 1, 0.14799275994300842, 0.11857240056991569, 0.08142759943008421, 0.14984999999999998, 
Thread-52, 431, 1, 1, 0.14940723776817322, 0.10742762231826769, 0.09257237768173221, 0.15014999999999998, 
Thread-52, 432, 1, 1, 0.1505882889032364, 0.0986171109676362, 0.1013828890323637, 0.15045, 
Thread-52, 433, 1, 1, 0.1520945429801941, 0.08655457019805912, 0.11344542980194078, 0.15075, 
Thread-52, 434, 1, 1, 0.15342825651168823, 0.07621743488311766, 0.12378256511688224, 0.15105, 
Thread-52, 435, 1, 1, 0.1548456847667694, 0.06504315233230584, 0.13495684766769406, 0.15134999999999998, 
Thread-52, 436, 1, 1, 0.15622293949127197, 0.054270605087280155, 0.14572939491271975, 0.15164999999999998, 
Thread-52, 437, 1, 1, 0.15734398365020752, 0.04606016349792491, 0.153939836502075, 0.15195, 
Thread-52, 438, 1, 1, 0.1585996448993683, 0.03650355100631719, 0.1634964489936827, 0.15225, 
Thread-52, 439, 1, 1, 0.15943124890327454, 0.03118751096725464, 0.16881248903274526, 0.15255, 
Thread-52, 440, 1, 1, 0.1604674756526947, 0.023825243473052926, 0.17617475652694697, 0.15284999999999999, 
Thread-52, 441, 1, 2, 0.16121229529380798, 0.01937704706192006, 0.18062295293807984, 0.15314999999999998, 
Thread-52, 442, 1, 2, 0.16132064163684845, 0.021293583631515622, 0.17870641636848428, 0.15345, 
Thread-52, 443, 1, 2, 0.16105183959007263, 0.026981604099273748, 0.17301839590072615, 0.15375, 
Thread-52, 444, 1, 2, 0.16072824597358704, 0.03321754026412965, 0.16678245973587025, 0.15405, 
Thread-52, 445, 1, 2, 0.16000878810882568, 0.043412118911743125, 0.15658788108825678, 0.15435, 
Thread-52, 446, 1, 1, 0.1594839096069336, 0.05166090393066397, 0.14833909606933593, 0.15464999999999998, 
Thread-52, 447, 1, 1, 0.1596224159002304, 0.05327584099769578, 0.14672415900230412, 0.15494999999999998, 
Thread-52, 448, 1, 1, 0.15975892543792725, 0.05491074562072762, 0.14508925437927228, 0.15525, 
Thread-52, 449, 1, 1, 0.16010136902332306, 0.054486309766769436, 0.14551369023323046, 0.15555, 
Thread-52, 450, 1, 1, 0.16052517294883728, 0.05324827051162717, 0.14675172948837273, 0.15585, 
Thread-52, 451, 1, 1, 0.16084149479866028, 0.05308505201339714, 0.14691494798660276, 0.15614999999999998, 
Thread-52, 452, 1, 1, 0.1614670753479004, 0.04982924652099596, 0.15017075347900394, 0.15644999999999998, 
Thread-52, 453, 1, 1, 0.16182804107666016, 0.04921958923339853, 0.15078041076660137, 0.15675, 
Thread-52, 454, 1, 1, 0.162538543343544, 0.04511456656455998, 0.15488543343543992, 0.15705, 
Thread-52, 455, 1, 1, 0.1630622148513794, 0.04287785148620604, 0.15712214851379386, 0.15735, 
Thread-52, 456, 1, 2, 0.16371235251426697, 0.03937647485733026, 0.16062352514266964, 0.15764999999999998, 
Thread-52, 457, 1, 2, 0.1643964797258377, 0.03553520274162281, 0.1644647972583771, 0.15794999999999998, 
Thread-52, 458, 1, 2, 0.1646810621023178, 0.035689378976822006, 0.1643106210231779, 0.15825, 
Thread-52, 459, 1, 2, 0.1643444150686264, 0.042055849313736016, 0.15794415068626388, 0.15855, 
Thread-52, 460, 1, 2, 0.16410961747169495, 0.04740382528305054, 0.15259617471694936, 0.15885, 
Thread-52, 461, 1, 2, 0.16345275938510895, 0.05697240614891047, 0.14302759385108943, 0.15914999999999999, 
Thread-52, 462, 1, 2, 0.16294148564338684, 0.06508514356613149, 0.1349148564338684, 0.15944999999999998, 
Thread-52, 463, 1, 2, 0.1622931808233261, 0.07456819176673901, 0.1254318082332609, 0.15975, 
Thread-52, 464, 1, 2, 0.16159436106681824, 0.0845563893318177, 0.1154436106681822, 0.16005, 
Thread-52, 465, 1, 2, 0.1610151082277298, 0.09334891772270204, 0.10665108227729786, 0.16035, 
Thread-52, 466, 1, 2, 0.16015033423900604, 0.10499665760993954, 0.09500334239006036, 0.16065, 
Thread-52, 467, 1, 2, 0.15954652428627014, 0.11403475713729849, 0.08596524286270141, 0.16094999999999998, 
Thread-52, 468, 1, 2, 0.15863314270973206, 0.1261685729026793, 0.0738314270973206, 0.16124999999999998, 
Thread-52, 469, 1, 2, 0.15790468454360962, 0.1364531545639039, 0.06354684543609601, 0.16155, 
Thread-52, 470, 1, 2, 0.15708261728286743, 0.1476738271713257, 0.05232617282867419, 0.16185, 
Thread-52, 471, 1, 1, 0.15623436868190765, 0.15915631318092344, 0.040843686819076463, 0.16215, 
Thread-52, 472, 1, 1, 0.1557377576828003, 0.167122423171997, 0.03287757682800291, 0.16244999999999998, 
Thread-52, 473, 1, 1, 0.1558304727077484, 0.16919527292251574, 0.030804727077484162, 0.16274999999999998, 
Thread-52, 474, 1, 1, 0.15586553514003754, 0.17184464859962473, 0.028155351400375173, 0.16305, 
Thread-52, 475, 1, 1, 0.1563233733177185, 0.17026626682281498, 0.029733733177184918, 0.16335, 
Thread-52, 476, 1, 1, 0.15667486190795898, 0.16975138092041014, 0.030248619079589756, 0.16365, 
Thread-52, 477, 1, 1, 0.1571897715330124, 0.16760228466987603, 0.032397715330123866, 0.16394999999999998, 
Thread-52, 478, 1, 1, 0.15777993202209473, 0.16470067977905262, 0.03529932022094728, 0.16424999999999998, 
Thread-52, 479, 1, 1, 0.15828357636928558, 0.16266423630714427, 0.03733576369285563, 0.16455, 
Thread-52, 480, 1, 1, 0.15910616517066956, 0.1574383482933045, 0.0425616517066954, 0.16485, 
Thread-52, 481, 1, 0, 0.15968960523605347, 0.15460394763946533, 0.04539605236053457, 0.16515, 
Thread-52, 482, 1, 0, 0.1601027250289917, 0.15347274971008296, 0.046527250289916944, 0.16544999999999999, 
Thread-52, 483, 1, 0, 0.16042010486125946, 0.1532989513874053, 0.04670104861259461, 0.16574999999999998, 
Thread-52, 484, 1, 0, 0.16069693863391876, 0.1535306136608125, 0.0464693863391874, 0.16605, 
Thread-52, 485, 1, 0, 0.16095758974552155, 0.1539241025447846, 0.04607589745521529, 0.16635, 
Thread-52, 486, 1, 1, 0.16121520102024078, 0.15434798979759218, 0.04565201020240772, 0.16665, 
Thread-52, 487, 1, 1, 0.16201545298099518, 0.14934547019004818, 0.05065452980995172, 0.16695, 
Thread-52, 488, 1, 1, 0.16274526715278625, 0.14504732847213736, 0.05495267152786254, 0.16724999999999998, 
Thread-52, 489, 1, 1, 0.1636720895767212, 0.13877910423278794, 0.06122089576721196, 0.16754999999999998, 
Thread-52, 490, 1, 1, 0.16468721628189087, 0.1316278371810914, 0.06837216281890851, 0.16785, 
Thread-52, 491, 1, 0, 0.16560155153274536, 0.12548448467254641, 0.07451551532745349, 0.16815, 
Thread-52, 492, 1, 0, 0.1668577492237091, 0.11592250776290891, 0.08407749223709099, 0.16845, 
Thread-52, 493, 1, 0, 0.16781550645828247, 0.10934493541717522, 0.09065506458282468, 0.16874999999999998, 
Thread-52, 494, 1, 0, 0.16859261691570282, 0.10457383084297167, 0.09542616915702823, 0.16904999999999998, 
Thread-52, 495, 1, 0, 0.16927111148834229, 0.10078888511657724, 0.09921111488342266, 0.16935, 
Thread-52, 496, 1, 2, 0.169901043176651, 0.09748956823349003, 0.10251043176650987, 0.16965, 
Thread-52, 497, 1, 2, 0.17048847675323486, 0.09461523246765136, 0.10538476753234854, 0.16995, 
Thread-52, 498, 1, 2, 0.1705988645553589, 0.09651135444641107, 0.10348864555358883, 0.17024999999999998, 
Thread-52, 499, 1, 2, 0.17066678404808044, 0.09883215951919544, 0.10116784048080446, 0.17054999999999998, 
Thread-52, 500, 1, 2, 0.17067497968673706, 0.1017502031326295, 0.0982497968673704, 0.17085, 
Thread-52, 501, 1, 2, 0.17047634720802307, 0.10673652791976934, 0.09326347208023056, 0.17115, 
Thread-52, 502, 1, 2, 0.17054247856140137, 0.10907521438598633, 0.09092478561401357, 0.17145, 
Thread-52, 503, 1, 2, 0.1701425462961197, 0.11607453703880305, 0.08392546296119685, 0.17174999999999999, 
Thread-52, 504, 1, 2, 0.17005306482315063, 0.11996935176849355, 0.08003064823150635, 0.17204999999999998, 
Thread-52, 505, 1, 2, 0.16973307728767395, 0.12616922712326062, 0.07383077287673928, 0.17235, 
Thread-52, 506, 1, 1, 0.16949889063835144, 0.13151109361648566, 0.06848890638351424, 0.17265, 
Thread-52, 507, 1, 1, 0.16976125538349152, 0.13188744616508485, 0.06811255383491505, 0.17295, 
Thread-52, 508, 1, 1, 0.17051680386066437, 0.12733196139335629, 0.07266803860664361, 0.17325, 
Thread-52, 509, 1, 1, 0.17118754982948303, 0.12362450170516959, 0.07637549829483031, 0.17354999999999998, 
Thread-52, 510, 1, 1, 0.17243699729442596, 0.11413002705574021, 0.08586997294425969, 0.17384999999999998, 
Thread-52, 511, 1, 0, 0.17343610525131226, 0.10713894748687752, 0.09286105251312238, 0.17415, 
Thread-52, 512, 1, 0, 0.17425744235515594, 0.10192557644844058, 0.09807442355155932, 0.17445, 
Thread-52, 513, 1, 0, 0.17497102916240692, 0.09778970837593076, 0.10221029162406914, 0.17475, 
Thread-52, 514, 1, 0, 0.17561019957065582, 0.0943980042934417, 0.1056019957065582, 0.17504999999999998, 
Thread-52, 515, 1, 0, 0.17614540457725525, 0.09204595422744738, 0.10795404577255252, 0.17534999999999998, 
Thread-52, 516, 1, 1, 0.1765335202217102, 0.09116479778289804, 0.10883520221710186, 0.17565, 
Thread-52, 517, 1, 1, 0.17734357714653015, 0.08606422853469853, 0.11393577146530137, 0.17595, 
Thread-52, 518, 1, 1, 0.17789627611637115, 0.08353723883628844, 0.11646276116371146, 0.17625, 
Thread-52, 519, 1, 1, 0.17851564288139343, 0.08034357118606561, 0.11965642881393429, 0.17654999999999998, 
Thread-52, 520, 1, 1, 0.17911869287490845, 0.07731307125091541, 0.12268692874908449, 0.17684999999999998, 
Thread-52, 521, 1, 1, 0.1795395314693451, 0.07610468530654918, 0.12389531469345072, 0.17715, 
Thread-52, 522, 1, 1, 0.18028171360492706, 0.07168286395072943, 0.12831713604927047, 0.17745, 
Thread-52, 523, 1, 1, 0.18070615828037262, 0.0704384171962738, 0.1295615828037261, 0.17775, 
Thread-52, 524, 1, 1, 0.18152154982089996, 0.06528450179100032, 0.13471549820899958, 0.17804999999999999, 
Thread-52, 525, 1, 1, 0.18211598694324493, 0.062340130567550556, 0.13765986943244934, 0.17834999999999998, 
Thread-52, 526, 1, 2, 0.18284933269023895, 0.058006673097610595, 0.1419933269023893, 0.17865, 
Thread-52, 527, 1, 2, 0.18361082673072815, 0.053391732692718574, 0.14660826730728133, 0.17895, 
Thread-52, 528, 1, 2, 0.1839122474193573, 0.05337752580642702, 0.14662247419357288, 0.17925, 
Thread-52, 529, 1, 2, 0.18351240456104279, 0.060375954389572106, 0.1396240456104278, 0.17955, 
Thread-52, 530, 1, 2, 0.1832352727651596, 0.06614727234840384, 0.13385272765159606, 0.17984999999999998, 
Thread-52, 531, 1, 1, 0.18248561024665833, 0.0766438975334166, 0.1233561024665833, 0.18014999999999998, 
Thread-52, 532, 1, 1, 0.18195217847824097, 0.08497821521759041, 0.11502178478240949, 0.18045, 
Thread-52, 533, 1, 1, 0.18202528357505798, 0.0872471642494202, 0.1127528357505797, 0.18075, 
Thread-52, 534, 1, 1, 0.1824130266904831, 0.08636973309516904, 0.11363026690483086, 0.18105, 
Thread-52, 535, 1, 1, 0.1827940195798874, 0.08555980420112602, 0.11444019579887388, 0.18134999999999998, 
Thread-52, 536, 1, 2, 0.18358956277370453, 0.08060437226295458, 0.11939562773704532, 0.18164999999999998, 
Thread-52, 537, 1, 2, 0.18410609662532806, 0.07843903374671946, 0.12156096625328044, 0.18195, 
Thread-52, 538, 1, 2, 0.1838139146566391, 0.08436085343360905, 0.11563914656639085, 0.18225, 
Thread-52, 539, 1, 2, 0.18352700769901276, 0.09022992300987243, 0.10977007699012747, 0.18255, 
Thread-52, 540, 1, 2, 0.18300795555114746, 0.09842044448852533, 0.10157955551147457, 0.18284999999999998, 
Thread-52, 541, 1, 0, 0.1824052929878235, 0.10744707012176502, 0.09255292987823488, 0.18314999999999998, 
Thread-52, 542, 1, 0, 0.18207524716854095, 0.11374752831459056, 0.08625247168540934, 0.18345, 
Thread-52, 543, 1, 0, 0.18192167580127716, 0.11828324198722845, 0.08171675801277145, 0.18375, 
Thread-52, 544, 1, 0, 0.1818729043006897, 0.12177095699310303, 0.07822904300689687, 0.18405, 
Thread-52, 545, 1, 0, 0.18188053369522095, 0.12469466304779048, 0.07530533695220942, 0.18434999999999999, 
Thread-52, 546, 1, 0, 0.18192124366760254, 0.1272875633239745, 0.0727124366760254, 0.18464999999999998, 
Thread-52, 547, 1, 0, 0.18198862671852112, 0.12961373281478894, 0.07038626718521096, 0.18495, 
Thread-52, 548, 1, 0, 0.18207217752933502, 0.13177822470664985, 0.06822177529335005, 0.18525, 
Thread-52, 549, 1, 0, 0.18217775225639343, 0.1337224774360657, 0.06627752256393421, 0.18555, 
Thread-52, 550, 1, 0, 0.18230324983596802, 0.1354675016403198, 0.06453249835968011, 0.18585, 
Thread-52, 551, 1, 1, 0.18244890868663788, 0.13701091313362113, 0.06298908686637877, 0.18614999999999998, 
Thread-52, 552, 1, 1, 0.18322503566741943, 0.13224964332580552, 0.06775035667419438, 0.18644999999999998, 
Thread-52, 553, 1, 1, 0.18391922116279602, 0.12830778837203988, 0.07169221162796002, 0.18675, 
Thread-52, 554, 1, 1, 0.18484379351139069, 0.12206206488609317, 0.07793793511390673, 0.18705, 
Thread-52, 555, 1, 1, 0.18586865067481995, 0.11481349325180051, 0.08518650674819939, 0.18735, 
Thread-52, 556, 1, 1, 0.18678216636180878, 0.10867833638191216, 0.09132166361808775, 0.18764999999999998, 
Thread-52, 557, 1, 1, 0.18809112906455994, 0.0985887093544005, 0.1014112906455994, 0.18794999999999998, 
Thread-52, 558, 1, 1, 0.18909114599227905, 0.09158854007720957, 0.10841145992279033, 0.18825, 
Thread-52, 559, 1, 1, 0.19053897261619568, 0.08011027383804326, 0.11988972616195664, 0.18855, 
Thread-52, 560, 1, 1, 0.1917722076177597, 0.07077792382240294, 0.12922207617759696, 0.18885, 
Thread-52, 561, 1, 0, 0.1931777447462082, 0.05972255253791803, 0.14027744746208187, 0.18914999999999998, 
Thread-52, 562, 1, 0, 0.19464430212974548, 0.04805697870254505, 0.15194302129745485, 0.18944999999999998, 
Thread-52, 563, 1, 0, 0.19579586386680603, 0.039541361331939806, 0.1604586386680601, 0.18975, 
Thread-52, 564, 1, 0, 0.1967712789773941, 0.032787210226059016, 0.16721278977394088, 0.19005, 
Thread-52, 565, 1, 0, 0.1976550817489624, 0.02694918251037598, 0.17305081748962392, 0.19035, 
Thread-52, 566, 1, 2, 0.19849495589733124, 0.021550441026687572, 0.17844955897331233, 0.19065, 
Thread-52, 567, 1, 2, 0.19929510354995728, 0.016548964500427144, 0.18345103549957276, 0.19094999999999998, 
Thread-52, 568, 1, 2, 0.1995096057653427, 0.017403942346572998, 0.1825960576534269, 0.19125, 
Thread-52, 569, 1, 2, 0.19963765144348145, 0.019123485565185616, 0.18087651443481428, 0.19155, 
Thread-52, 570, 1, 2, 0.1996137499809265, 0.02236250019073488, 0.17763749980926502, 0.19185, 
Thread-52, 571, 1, 2, 0.1992453932762146, 0.029046067237853967, 0.17095393276214593, 0.19215, 
Thread-52, 572, 1, 2, 0.19910076260566711, 0.03349237394332877, 0.16650762605667113, 0.19244999999999998, 
Thread-52, 573, 1, 2, 0.198322594165802, 0.04427405834197984, 0.15572594165802006, 0.19274999999999998, 
Thread-52, 574, 1, 2, 0.19786694645881653, 0.0518305354118348, 0.1481694645881651, 0.19305, 
Thread-52, 575, 1, 2, 0.19710493087768555, 0.06245069122314456, 0.13754930877685534, 0.19335, 
Thread-52, 576, 1, 2, 0.19643332064151764, 0.07216679358482359, 0.12783320641517631, 0.19365, 
Thread-52, 577, 1, 2, 0.19577500224113464, 0.08174997758865349, 0.11825002241134641, 0.19394999999999998, 
Thread-52, 578, 1, 2, 0.1949310004711151, 0.09318999528884875, 0.10681000471115115, 0.19424999999999998, 
Thread-52, 579, 1, 2, 0.19441616535186768, 0.10133834648132334, 0.09866165351867656, 0.19455, 
Thread-52, 580, 1, 2, 0.1934039443731308, 0.11446055626869206, 0.08553944373130784, 0.19485, 
Thread-52, 581, 1, 1, 0.19275584816932678, 0.12394151830673217, 0.07605848169326773, 0.19515, 
Thread-52, 582, 1, 1, 0.19288364052772522, 0.12566359472274774, 0.07433640527725216, 0.19544999999999998, 
Thread-52, 583, 1, 1, 0.19320091605186462, 0.12549083948135364, 0.07450916051864626, 0.19574999999999998, 
Thread-52, 584, 1, 1, 0.19367802143096924, 0.12371978569030773, 0.07628021430969217, 0.19605, 
Thread-52, 585, 1, 1, 0.19443371891975403, 0.11916281080245977, 0.08083718919754013, 0.19635, 
Thread-52, 586, 1, 2, 0.19492097198963165, 0.11729028010368348, 0.08270971989631642, 0.19665, 
Thread-52, 587, 1, 2, 0.1959816813468933, 0.10968318653106685, 0.09031681346893305, 0.19695, 
Thread-52, 588, 1, 2, 0.1966405063867569, 0.10609493613243093, 0.09390506386756897, 0.19724999999999998, 
Thread-52, 589, 1, 2, 0.19654028117656708, 0.11009718823432935, 0.08990281176567055, 0.19755, 
Thread-52, 590, 1, 2, 0.19628112018108368, 0.11568879818916328, 0.08431120181083662, 0.19785, 
Thread-52, 591, 1, 0, 0.1958993822336197, 0.12250617766380312, 0.07749382233619678, 0.19815, 
Thread-52, 592, 1, 0, 0.19527162611484528, 0.1317837388515472, 0.0682162611484527, 0.19845, 
Thread-52, 593, 1, 0, 0.19494597613811493, 0.13804023861885062, 0.06195976138114928, 0.19874999999999998, 
Thread-52, 594, 1, 0, 0.1948041319847107, 0.14245868015289292, 0.057541319847106975, 0.19904999999999998, 
Thread-52, 595, 1, 0, 0.194752037525177, 0.14597962474823006, 0.05402037525176984, 0.19935, 
Thread-52, 596, 1, 1, 0.1947368085384369, 0.14913191461563113, 0.050868085384368766, 0.19965, 
Thread-52, 597, 1, 1, 0.19476523995399475, 0.15184760046005247, 0.04815239953994743, 0.19995, 
Thread-52, 598, 1, 1, 0.19531704485416412, 0.1493295514583587, 0.05067044854164121, 0.20024999999999998, 
Thread-52, 599, 1, 1, 0.19590772688388824, 0.14642273116111743, 0.053577268838882475, 0.20054999999999998, 
Thread-52, 600, 0, 1, 0.19656991958618164, 0.1428008041381837, 0.05719919586181621, 0.20085, 
